The 1 methods:
(0,0) (1,2) (2,4) (0,3) (1,1) 
(3,0) (4,2) (3,4) (1,3) (0,1) 
(2,0) (4,1) (3,3) (1,4) (2,2) 
(4,3) (3,1) (1,0) (0,2) (2,1) 
(4,0) (3,2) (4,4) (2,3) (0,4) 
The 2 methods:
(0,0) (1,2) (2,4) (0,3) (1,1) 
(3,0) (4,2) (3,4) (1,3) (0,1) 
(2,0) (4,1) (2,2) (4,3) (3,1) 
(1,0) (0,2) (1,4) (3,3) (2,1) 
(4,0) (3,2) (4,4) (2,3) (0,4) 
The 3 methods:
(0,0) (1,2) (2,4) (0,3) (1,1) 
(3,0) (4,2) (3,4) (2,2) (4,3) 
(3,1) (1,0) (0,2) (1,4) (3,3) 
(4,1) (2,0) (0,1) (1,3) (2,1) 
(4,0) (3,2) (4,4) (2,3) (0,4) 
The 4 methods:
(0,0) (1,2) (2,4) (0,3) (1,1) 
(3,0) (2,2) (4,3) (3,1) (1,0) 
(0,2) (1,4) (3,3) (4,1) (2,0) 
(0,1) (1,3) (3,4) (4,2) (2,1) 
(4,0) (3,2) (4,4) (2,3) (0,4) 
The 5 methods:
(0,0) (1,2) (2,4) (4,3) (3,1) 
(1,0) (2,2) (0,3) (1,1) (3,0) 
(4,2) (3,4) (1,3) (0,1) (2,0) 
(4,1) (3,3) (1,4) (0,2) (2,1) 
(4,0) (3,2) (4,4) (2,3) (0,4) 
The 6 methods:
(0,0) (1,2) (2,4) (4,3) (3,1) 
(1,0) (0,2) (1,4) (2,2) (0,3) 
(1,1) (3,0) (4,2) (3,4) (1,3) 
(0,1) (2,0) (4,1) (3,3) (2,1) 
(4,0) (3,2) (4,4) (2,3) (0,4) 
The 7 methods:
(0,0) (1,2) (2,4) (4,3) (3,1) 
(1,0) (0,2) (1,4) (3,3) (4,1) 
(2,0) (0,1) (1,3) (3,4) (2,2) 
(0,3) (1,1) (3,0) (4,2) (2,1) 
(4,0) (3,2) (4,4) (2,3) (0,4) 
The 8 methods:
(0,0) (1,2) (2,4) (4,3) (3,1) 
(1,0) (0,2) (1,4) (3,3) (4,1) 
(2,0) (0,1) (2,2) (0,3) (1,1) 
(3,0) (4,2) (3,4) (1,3) (2,1) 
(4,0) (3,2) (4,4) (2,3) (0,4) 
The 9 methods:
(0,0) (1,2) (3,3) (1,4) (0,2) 
(1,0) (3,1) (4,3) (2,4) (0,3) 
(1,1) (3,0) (4,2) (3,4) (2,2) 
(4,1) (2,0) (0,1) (1,3) (2,1) 
(4,0) (3,2) (4,4) (2,3) (0,4) 
The 10 methods:
(0,0) (1,2) (3,3) (1,4) (0,2) 
(1,0) (3,1) (4,3) (2,4) (0,3) 
(1,1) (3,0) (2,2) (4,1) (2,0) 
(0,1) (1,3) (3,4) (4,2) (2,1) 
(4,0) (3,2) (4,4) (2,3) (0,4) 
The 11 methods:
(0,0) (1,2) (3,3) (1,4) (2,2) 
(4,1) (2,0) (0,1) (1,3) (3,4) 
(4,2) (3,0) (1,1) (0,3) (2,4) 
(4,3) (3,1) (1,0) (0,2) (2,1) 
(4,0) (3,2) (4,4) (2,3) (0,4) 
The 12 methods:
(0,0) (1,2) (3,3) (4,1) (2,0) 
(0,1) (1,3) (3,4) (2,2) (1,4) 
(0,2) (1,0) (3,1) (4,3) (2,4) 
(0,3) (1,1) (3,0) (4,2) (2,1) 
(4,0) (3,2) (4,4) (2,3) (0,4) 
The 13 methods:
(0,0) (1,2) (3,3) (4,1) (2,0) 
(0,1) (1,3) (3,4) (4,2) (3,0) 
(1,1) (0,3) (2,4) (4,3) (3,1) 
(1,0) (2,2) (1,4) (0,2) (2,1) 
(4,0) (3,2) (4,4) (2,3) (0,4) 
The 14 methods:
(0,0) (1,2) (3,3) (4,1) (2,0) 
(0,1) (2,2) (1,4) (0,2) (1,0) 
(3,1) (4,3) (2,4) (0,3) (1,1) 
(3,0) (4,2) (3,4) (1,3) (2,1) 
(4,0) (3,2) (4,4) (2,3) (0,4) 
The 15 methods:
(0,0) (1,2) (0,4) (2,3) (4,4) 
(3,2) (2,4) (0,3) (1,1) (3,0) 
(4,2) (3,4) (1,3) (0,1) (2,0) 
(4,1) (3,3) (1,4) (2,2) (4,3) 
(3,1) (1,0) (0,2) (2,1) (4,0) 
The 16 methods:
(0,0) (1,2) (0,4) (2,3) (4,4) 
(3,2) (2,4) (0,3) (1,1) (3,0) 
(4,2) (3,4) (1,3) (0,1) (2,0) 
(4,1) (2,2) (4,3) (3,1) (1,0) 
(0,2) (1,4) (3,3) (2,1) (4,0) 
The 17 methods:
(0,0) (1,2) (0,4) (2,3) (4,4) 
(3,2) (2,4) (0,3) (1,1) (3,0) 
(4,2) (3,4) (2,2) (4,3) (3,1) 
(1,0) (0,2) (1,4) (3,3) (4,1) 
(2,0) (0,1) (1,3) (2,1) (4,0) 
The 18 methods:
(0,0) (1,2) (0,4) (2,3) (4,4) 
(3,2) (2,4) (0,3) (1,1) (3,0) 
(2,2) (4,3) (3,1) (1,0) (0,2) 
(1,4) (3,3) (4,1) (2,0) (0,1) 
(1,3) (3,4) (4,2) (2,1) (4,0) 
The 19 methods:
(0,0) (1,2) (0,4) (2,3) (4,4) 
(3,2) (2,4) (4,3) (3,1) (1,0) 
(2,2) (0,3) (1,1) (3,0) (4,2) 
(3,4) (1,3) (0,1) (2,0) (4,1) 
(3,3) (1,4) (0,2) (2,1) (4,0) 
The 20 methods:
(0,0) (1,2) (0,4) (2,3) (4,4) 
(3,2) (2,4) (4,3) (3,1) (1,0) 
(0,2) (1,4) (2,2) (0,3) (1,1) 
(3,0) (4,2) (3,4) (1,3) (0,1) 
(2,0) (4,1) (3,3) (2,1) (4,0) 
The 21 methods:
(0,0) (1,2) (0,4) (2,3) (4,4) 
(3,2) (2,4) (4,3) (3,1) (1,0) 
(0,2) (1,4) (3,3) (4,1) (2,0) 
(0,1) (1,3) (3,4) (2,2) (0,3) 
(1,1) (3,0) (4,2) (2,1) (4,0) 
The 22 methods:
(0,0) (1,2) (0,4) (2,3) (4,4) 
(3,2) (2,4) (4,3) (3,1) (1,0) 
(0,2) (1,4) (3,3) (4,1) (2,0) 
(0,1) (2,2) (0,3) (1,1) (3,0) 
(4,2) (3,4) (1,3) (2,1) (4,0) 
The 23 methods:
(0,0) (1,2) (0,4) (2,3) (4,4) 
(3,2) (1,3) (3,4) (2,2) (0,1) 
(2,0) (4,1) (3,3) (1,4) (0,2) 
(1,0) (3,1) (4,3) (2,4) (0,3) 
(1,1) (3,0) (4,2) (2,1) (4,0) 
The 24 methods:
(0,0) (1,2) (0,4) (2,3) (4,4) 
(3,2) (1,3) (3,4) (4,2) (3,0) 
(1,1) (0,3) (2,4) (4,3) (3,1) 
(1,0) (2,2) (0,1) (2,0) (4,1) 
(3,3) (1,4) (0,2) (2,1) (4,0) 
The 25 methods:
(0,0) (1,2) (0,4) (2,3) (4,4) 
(3,2) (1,3) (3,4) (4,2) (3,0) 
(1,1) (0,3) (2,4) (4,3) (3,1) 
(1,0) (0,2) (1,4) (2,2) (0,1) 
(2,0) (4,1) (3,3) (2,1) (4,0) 
The 26 methods:
(0,0) (1,2) (0,4) (2,3) (4,4) 
(3,2) (1,3) (0,1) (2,0) (4,1) 
(3,3) (1,4) (0,2) (1,0) (3,1) 
(4,3) (2,4) (0,3) (1,1) (3,0) 
(2,2) (3,4) (4,2) (2,1) (4,0) 
The 27 methods:
(0,0) (1,2) (0,4) (2,3) (4,4) 
(3,2) (1,3) (0,1) (2,0) (4,1) 
(3,3) (1,4) (2,2) (3,4) (4,2) 
(3,0) (1,1) (0,3) (2,4) (4,3) 
(3,1) (1,0) (0,2) (2,1) (4,0) 
The 28 methods:
(0,0) (1,2) (0,4) (2,3) (4,4) 
(3,2) (1,3) (0,1) (2,0) (4,1) 
(2,2) (3,4) (4,2) (3,0) (1,1) 
(0,3) (2,4) (4,3) (3,1) (1,0) 
(0,2) (1,4) (3,3) (2,1) (4,0) 
The 29 methods:
(0,0) (1,2) (0,4) (2,3) (4,4) 
(3,2) (1,1) (0,3) (2,4) (4,3) 
(3,1) (1,0) (2,2) (3,0) (4,2) 
(3,4) (1,3) (0,1) (2,0) (4,1) 
(3,3) (1,4) (0,2) (2,1) (4,0) 
The 30 methods:
(0,0) (1,2) (0,4) (2,3) (4,4) 
(3,2) (1,1) (0,3) (2,4) (4,3) 
(3,1) (1,0) (0,2) (1,4) (2,2) 
(3,0) (4,2) (3,4) (1,3) (0,1) 
(2,0) (4,1) (3,3) (2,1) (4,0) 
The 31 methods:
(0,0) (1,2) (0,4) (2,3) (4,4) 
(3,2) (1,1) (0,3) (2,4) (4,3) 
(3,1) (1,0) (0,2) (1,4) (3,3) 
(4,1) (2,0) (0,1) (1,3) (3,4) 
(2,2) (3,0) (4,2) (2,1) (4,0) 
The 32 methods:
(0,0) (1,2) (0,4) (2,3) (4,4) 
(3,2) (1,1) (0,3) (2,4) (4,3) 
(3,1) (1,0) (0,2) (1,4) (3,3) 
(4,1) (2,0) (0,1) (2,2) (3,0) 
(4,2) (3,4) (1,3) (2,1) (4,0) 
The 33 methods:
(0,0) (1,2) (0,4) (2,3) (4,4) 
(3,2) (1,1) (3,0) (4,2) (3,4) 
(1,3) (0,1) (2,0) (4,1) (3,3) 
(1,4) (2,2) (0,3) (2,4) (4,3) 
(3,1) (1,0) (0,2) (2,1) (4,0) 
The 34 methods:
(0,0) (1,2) (0,4) (2,3) (4,4) 
(3,2) (1,1) (3,0) (4,2) (3,4) 
(1,3) (0,1) (2,0) (4,1) (2,2) 
(0,3) (2,4) (4,3) (3,1) (1,0) 
(0,2) (1,4) (3,3) (2,1) (4,0) 
The 35 methods:
(0,0) (1,2) (0,4) (2,3) (4,4) 
(3,2) (1,1) (3,0) (4,2) (3,4) 
(2,2) (0,3) (2,4) (4,3) (3,1) 
(1,0) (0,2) (1,4) (3,3) (4,1) 
(2,0) (0,1) (1,3) (2,1) (4,0) 
The 36 methods:
(0,0) (1,2) (0,4) (2,3) (4,4) 
(3,2) (1,1) (3,0) (2,2) (0,3) 
(2,4) (4,3) (3,1) (1,0) (0,2) 
(1,4) (3,3) (4,1) (2,0) (0,1) 
(1,3) (3,4) (4,2) (2,1) (4,0) 
The 37 methods:
(0,0) (1,2) (0,4) (2,3) (4,4) 
(3,2) (2,0) (4,1) (3,3) (1,4) 
(0,2) (1,0) (3,1) (4,3) (2,4) 
(0,3) (1,1) (3,0) (4,2) (3,4) 
(2,2) (0,1) (1,3) (2,1) (4,0) 
The 38 methods:
(0,0) (1,2) (0,4) (2,3) (4,4) 
(3,2) (2,0) (4,1) (3,3) (1,4) 
(0,2) (1,0) (3,1) (4,3) (2,4) 
(0,3) (1,1) (3,0) (2,2) (0,1) 
(1,3) (3,4) (4,2) (2,1) (4,0) 
The 39 methods:
(0,0) (1,2) (0,4) (2,3) (4,4) 
(3,2) (2,0) (4,1) (3,3) (1,4) 
(2,2) (0,1) (1,3) (3,4) (4,2) 
(3,0) (1,1) (0,3) (2,4) (4,3) 
(3,1) (1,0) (0,2) (2,1) (4,0) 
The 40 methods:
(0,0) (1,2) (0,4) (2,3) (4,4) 
(3,2) (2,0) (4,1) (2,2) (0,1) 
(1,3) (3,4) (4,2) (3,0) (1,1) 
(0,3) (2,4) (4,3) (3,1) (1,0) 
(0,2) (1,4) (3,3) (2,1) (4,0) 
The 41 methods:
(0,0) (1,2) (0,4) (2,3) (4,4) 
(3,2) (2,0) (0,1) (1,3) (3,4) 
(2,2) (4,1) (3,3) (1,4) (0,2) 
(1,0) (3,1) (4,3) (2,4) (0,3) 
(1,1) (3,0) (4,2) (2,1) (4,0) 
The 42 methods:
(0,0) (1,2) (0,4) (2,3) (4,4) 
(3,2) (2,0) (0,1) (1,3) (3,4) 
(4,2) (3,0) (1,1) (0,3) (2,4) 
(4,3) (3,1) (1,0) (2,2) (4,1) 
(3,3) (1,4) (0,2) (2,1) (4,0) 
The 43 methods:
(0,0) (1,2) (0,4) (2,3) (4,4) 
(3,2) (2,0) (0,1) (1,3) (3,4) 
(4,2) (3,0) (1,1) (0,3) (2,4) 
(4,3) (3,1) (1,0) (0,2) (1,4) 
(2,2) (4,1) (3,3) (2,1) (4,0) 
The 44 methods:
(0,0) (1,2) (0,4) (2,3) (4,4) 
(3,2) (2,0) (0,1) (2,2) (4,1) 
(3,3) (1,4) (0,2) (1,0) (3,1) 
(4,3) (2,4) (0,3) (1,1) (3,0) 
(4,2) (3,4) (1,3) (2,1) (4,0) 
The 45 methods:
(0,0) (1,2) (0,4) (2,3) (4,4) 
(3,2) (4,0) (2,1) (3,3) (1,4) 
(0,2) (1,0) (2,2) (4,1) (2,0) 
(0,1) (1,3) (3,4) (4,2) (3,0) 
(1,1) (0,3) (2,4) (4,3) (3,1) 
The 46 methods:
(0,0) (1,2) (0,4) (2,3) (4,4) 
(3,2) (4,0) (2,1) (3,3) (1,4) 
(0,2) (1,0) (3,1) (4,3) (2,4) 
(0,3) (1,1) (3,0) (4,2) (3,4) 
(1,3) (0,1) (2,2) (4,1) (2,0) 
The 47 methods:
(0,0) (1,2) (0,4) (2,3) (4,4) 
(3,2) (4,0) (2,1) (3,3) (1,4) 
(0,2) (1,0) (3,1) (4,3) (2,4) 
(0,3) (1,1) (3,0) (4,2) (3,4) 
(1,3) (0,1) (2,0) (4,1) (2,2) 
The 48 methods:
(0,0) (1,2) (0,4) (2,3) (4,4) 
(3,2) (4,0) (2,1) (3,3) (1,4) 
(0,2) (1,0) (3,1) (4,3) (2,4) 
(0,3) (1,1) (3,0) (4,2) (3,4) 
(2,2) (4,1) (2,0) (0,1) (1,3) 
The 49 methods:
(0,0) (1,2) (0,4) (2,3) (4,4) 
(3,2) (4,0) (2,1) (3,3) (1,4) 
(0,2) (1,0) (3,1) (4,3) (2,4) 
(0,3) (1,1) (3,0) (2,2) (4,1) 
(2,0) (0,1) (1,3) (3,4) (4,2) 
The 50 methods:
(0,0) (1,2) (0,4) (2,3) (4,4) 
(3,2) (4,0) (2,1) (3,3) (1,4) 
(0,2) (1,0) (3,1) (4,3) (2,4) 
(0,3) (2,2) (4,1) (2,0) (0,1) 
(1,3) (3,4) (4,2) (3,0) (1,1) 
The 51 methods:
(0,0) (1,2) (0,4) (2,3) (4,4) 
(3,2) (4,0) (2,1) (3,3) (1,4) 
(0,2) (1,0) (3,1) (4,3) (2,2) 
(4,1) (2,0) (0,1) (1,3) (3,4) 
(4,2) (3,0) (1,1) (0,3) (2,4) 
The 52 methods:
(0,0) (1,2) (0,4) (2,3) (4,4) 
(3,2) (4,0) (2,1) (3,3) (1,4) 
(2,2) (4,1) (2,0) (0,1) (1,3) 
(3,4) (4,2) (3,0) (1,1) (0,3) 
(2,4) (4,3) (3,1) (1,0) (0,2) 
The 53 methods:
(0,0) (1,2) (0,4) (2,3) (4,4) 
(3,2) (4,0) (2,1) (3,3) (4,1) 
(2,2) (1,4) (0,2) (1,0) (3,1) 
(4,3) (2,4) (0,3) (1,1) (3,0) 
(4,2) (3,4) (1,3) (0,1) (2,0) 
The 54 methods:
(0,0) (1,2) (0,4) (2,3) (4,4) 
(3,2) (4,0) (2,1) (3,3) (4,1) 
(2,0) (0,1) (1,3) (3,4) (2,2) 
(1,4) (0,2) (1,0) (3,1) (4,3) 
(2,4) (0,3) (1,1) (3,0) (4,2) 
The 55 methods:
(0,0) (1,2) (0,4) (2,3) (4,4) 
(3,2) (4,0) (2,1) (3,3) (4,1) 
(2,0) (0,1) (1,3) (3,4) (4,2) 
(3,0) (2,2) (1,4) (0,2) (1,0) 
(3,1) (4,3) (2,4) (0,3) (1,1) 
The 56 methods:
(0,0) (1,2) (0,4) (2,3) (4,4) 
(3,2) (4,0) (2,1) (3,3) (4,1) 
(2,0) (0,1) (1,3) (3,4) (4,2) 
(3,0) (1,1) (0,3) (2,4) (4,3) 
(2,2) (1,4) (0,2) (1,0) (3,1) 
The 57 methods:
(0,0) (1,2) (0,4) (2,3) (4,4) 
(3,2) (4,0) (2,1) (3,3) (4,1) 
(2,0) (0,1) (1,3) (3,4) (4,2) 
(3,0) (1,1) (0,3) (2,4) (4,3) 
(3,1) (1,0) (2,2) (1,4) (0,2) 
The 58 methods:
(0,0) (1,2) (0,4) (2,3) (4,4) 
(3,2) (4,0) (2,1) (3,3) (4,1) 
(2,0) (0,1) (1,3) (3,4) (4,2) 
(3,0) (1,1) (0,3) (2,4) (4,3) 
(3,1) (1,0) (0,2) (1,4) (2,2) 
The 59 methods:
(0,0) (1,2) (0,4) (2,3) (4,4) 
(3,2) (4,0) (2,1) (3,3) (4,1) 
(2,0) (0,1) (1,3) (3,4) (4,2) 
(3,0) (1,1) (0,3) (2,2) (1,4) 
(0,2) (1,0) (3,1) (4,3) (2,4) 
The 60 methods:
(0,0) (1,2) (0,4) (2,3) (4,4) 
(3,2) (4,0) (2,1) (3,3) (4,1) 
(2,0) (0,1) (2,2) (1,4) (0,2) 
(1,0) (3,1) (4,3) (2,4) (0,3) 
(1,1) (3,0) (4,2) (3,4) (1,3) 
The 61 methods:
(0,0) (1,2) (0,4) (2,3) (4,4) 
(3,2) (4,0) (2,1) (4,2) (3,4) 
(1,3) (0,1) (2,2) (3,0) (1,1) 
(0,3) (2,4) (4,3) (3,1) (1,0) 
(0,2) (1,4) (3,3) (4,1) (2,0) 
The 62 methods:
(0,0) (1,2) (0,4) (2,3) (4,4) 
(3,2) (4,0) (2,1) (4,2) (3,4) 
(1,3) (0,1) (2,0) (4,1) (3,3) 
(1,4) (0,2) (1,0) (2,2) (3,0) 
(1,1) (0,3) (2,4) (4,3) (3,1) 
The 63 methods:
(0,0) (1,2) (0,4) (2,3) (4,4) 
(3,2) (4,0) (2,1) (4,2) (3,4) 
(1,3) (0,1) (2,0) (4,1) (3,3) 
(1,4) (0,2) (1,0) (3,1) (4,3) 
(2,4) (0,3) (1,1) (3,0) (2,2) 
The 64 methods:
(0,0) (1,2) (0,4) (2,3) (4,4) 
(3,2) (4,0) (2,1) (4,2) (3,4) 
(1,3) (0,1) (2,0) (4,1) (3,3) 
(1,4) (0,2) (1,0) (3,1) (4,3) 
(2,4) (0,3) (2,2) (3,0) (1,1) 
The 65 methods:
(0,0) (1,2) (0,4) (2,3) (4,4) 
(3,2) (4,0) (2,1) (4,2) (3,4) 
(1,3) (0,1) (2,0) (4,1) (3,3) 
(1,4) (0,2) (1,0) (3,1) (4,3) 
(2,2) (3,0) (1,1) (0,3) (2,4) 
The 66 methods:
(0,0) (1,2) (0,4) (2,3) (4,4) 
(3,2) (4,0) (2,1) (4,2) (3,4) 
(1,3) (0,1) (2,0) (4,1) (3,3) 
(1,4) (2,2) (3,0) (1,1) (0,3) 
(2,4) (4,3) (3,1) (1,0) (0,2) 
The 67 methods:
(0,0) (1,2) (0,4) (2,3) (4,4) 
(3,2) (4,0) (2,1) (4,2) (3,4) 
(1,3) (0,1) (2,0) (4,1) (2,2) 
(3,0) (1,1) (0,3) (2,4) (4,3) 
(3,1) (1,0) (0,2) (1,4) (3,3) 
The 68 methods:
(0,0) (1,2) (0,4) (2,3) (4,4) 
(3,2) (4,0) (2,1) (4,2) (3,4) 
(2,2) (3,0) (1,1) (0,3) (2,4) 
(4,3) (3,1) (1,0) (0,2) (1,4) 
(3,3) (4,1) (2,0) (0,1) (1,3) 
The 69 methods:
(0,0) (1,2) (0,4) (2,3) (4,4) 
(3,2) (4,0) (2,1) (4,2) (3,0) 
(2,2) (3,4) (1,3) (0,1) (2,0) 
(4,1) (3,3) (1,4) (0,2) (1,0) 
(3,1) (4,3) (2,4) (0,3) (1,1) 
The 70 methods:
(0,0) (1,2) (0,4) (2,3) (4,4) 
(3,2) (4,0) (2,1) (4,2) (3,0) 
(1,1) (0,3) (2,4) (4,3) (2,2) 
(3,4) (1,3) (0,1) (2,0) (4,1) 
(3,3) (1,4) (0,2) (1,0) (3,1) 
The 71 methods:
(0,0) (1,2) (0,4) (2,3) (4,4) 
(3,2) (4,0) (2,1) (4,2) (3,0) 
(1,1) (0,3) (2,4) (4,3) (3,1) 
(1,0) (2,2) (3,4) (1,3) (0,1) 
(2,0) (4,1) (3,3) (1,4) (0,2) 
The 72 methods:
(0,0) (1,2) (0,4) (2,3) (4,4) 
(3,2) (4,0) (2,1) (4,2) (3,0) 
(1,1) (0,3) (2,4) (4,3) (3,1) 
(1,0) (0,2) (1,4) (2,2) (3,4) 
(1,3) (0,1) (2,0) (4,1) (3,3) 
The 73 methods:
(0,0) (1,2) (0,4) (2,3) (4,4) 
(3,2) (4,0) (2,1) (4,2) (3,0) 
(1,1) (0,3) (2,4) (4,3) (3,1) 
(1,0) (0,2) (1,4) (3,3) (4,1) 
(2,2) (3,4) (1,3) (0,1) (2,0) 
The 74 methods:
(0,0) (1,2) (0,4) (2,3) (4,4) 
(3,2) (4,0) (2,1) (4,2) (3,0) 
(1,1) (0,3) (2,4) (4,3) (3,1) 
(1,0) (0,2) (1,4) (3,3) (4,1) 
(2,0) (0,1) (1,3) (3,4) (2,2) 
The 75 methods:
(0,0) (1,2) (0,4) (2,3) (4,4) 
(3,2) (4,0) (2,1) (4,2) (3,0) 
(1,1) (0,3) (2,4) (4,3) (3,1) 
(1,0) (0,2) (1,4) (3,3) (4,1) 
(2,0) (0,1) (2,2) (3,4) (1,3) 
The 76 methods:
(0,0) (1,2) (0,4) (2,3) (4,4) 
(3,2) (4,0) (2,1) (4,2) (3,0) 
(1,1) (0,3) (2,2) (3,4) (1,3) 
(0,1) (2,0) (4,1) (3,3) (1,4) 
(0,2) (1,0) (3,1) (4,3) (2,4) 
The 77 methods:
(0,0) (1,2) (0,4) (2,3) (4,4) 
(3,2) (4,0) (2,1) (1,3) (3,4) 
(2,2) (0,1) (2,0) (4,1) (3,3) 
(1,4) (0,2) (1,0) (3,1) (4,3) 
(2,4) (0,3) (1,1) (3,0) (4,2) 
The 78 methods:
(0,0) (1,2) (0,4) (2,3) (4,4) 
(3,2) (4,0) (2,1) (1,3) (3,4) 
(4,2) (3,0) (2,2) (0,1) (2,0) 
(4,1) (3,3) (1,4) (0,2) (1,0) 
(3,1) (4,3) (2,4) (0,3) (1,1) 
The 79 methods:
(0,0) (1,2) (0,4) (2,3) (4,4) 
(3,2) (4,0) (2,1) (1,3) (3,4) 
(4,2) (3,0) (1,1) (0,3) (2,4) 
(4,3) (2,2) (0,1) (2,0) (4,1) 
(3,3) (1,4) (0,2) (1,0) (3,1) 
The 80 methods:
(0,0) (1,2) (0,4) (2,3) (4,4) 
(3,2) (4,0) (2,1) (1,3) (3,4) 
(4,2) (3,0) (1,1) (0,3) (2,4) 
(4,3) (3,1) (1,0) (2,2) (0,1) 
(2,0) (4,1) (3,3) (1,4) (0,2) 
The 81 methods:
(0,0) (1,2) (0,4) (2,3) (4,4) 
(3,2) (4,0) (2,1) (1,3) (3,4) 
(4,2) (3,0) (1,1) (0,3) (2,4) 
(4,3) (3,1) (1,0) (0,2) (1,4) 
(2,2) (0,1) (2,0) (4,1) (3,3) 
The 82 methods:
(0,0) (1,2) (0,4) (2,3) (4,4) 
(3,2) (4,0) (2,1) (1,3) (3,4) 
(4,2) (3,0) (1,1) (0,3) (2,4) 
(4,3) (3,1) (1,0) (0,2) (1,4) 
(3,3) (4,1) (2,2) (0,1) (2,0) 
The 83 methods:
(0,0) (1,2) (0,4) (2,3) (4,4) 
(3,2) (4,0) (2,1) (1,3) (3,4) 
(4,2) (3,0) (1,1) (0,3) (2,4) 
(4,3) (3,1) (1,0) (0,2) (1,4) 
(3,3) (4,1) (2,0) (0,1) (2,2) 
The 84 methods:
(0,0) (1,2) (0,4) (2,3) (4,4) 
(3,2) (4,0) (2,1) (1,3) (3,4) 
(4,2) (3,0) (1,1) (0,3) (2,2) 
(0,1) (2,0) (4,1) (3,3) (1,4) 
(0,2) (1,0) (3,1) (4,3) (2,4) 
The 85 methods:
(0,0) (1,2) (0,4) (2,3) (4,4) 
(3,2) (4,0) (2,1) (1,3) (0,1) 
(2,2) (3,4) (4,2) (3,0) (1,1) 
(0,3) (2,4) (4,3) (3,1) (1,0) 
(0,2) (1,4) (3,3) (4,1) (2,0) 
The 86 methods:
(0,0) (1,2) (0,4) (2,3) (4,4) 
(3,2) (4,0) (2,1) (1,3) (0,1) 
(2,0) (4,1) (3,3) (1,4) (0,2) 
(1,0) (2,2) (3,4) (4,2) (3,0) 
(1,1) (0,3) (2,4) (4,3) (3,1) 
The 87 methods:
(0,0) (1,2) (0,4) (2,3) (4,4) 
(3,2) (4,0) (2,1) (1,3) (0,1) 
(2,0) (4,1) (3,3) (1,4) (0,2) 
(1,0) (3,1) (4,3) (2,4) (0,3) 
(1,1) (3,0) (4,2) (3,4) (2,2) 
The 88 methods:
(0,0) (1,2) (0,4) (2,3) (4,4) 
(3,2) (4,0) (2,1) (1,3) (0,1) 
(2,0) (4,1) (3,3) (1,4) (0,2) 
(1,0) (3,1) (4,3) (2,4) (0,3) 
(1,1) (3,0) (2,2) (3,4) (4,2) 
The 89 methods:
(0,0) (1,2) (0,4) (2,3) (4,4) 
(3,2) (4,0) (2,1) (1,3) (0,1) 
(2,0) (4,1) (3,3) (1,4) (0,2) 
(1,0) (3,1) (4,3) (2,4) (0,3) 
(2,2) (3,4) (4,2) (3,0) (1,1) 
The 90 methods:
(0,0) (1,2) (0,4) (2,3) (4,4) 
(3,2) (4,0) (2,1) (1,3) (0,1) 
(2,0) (4,1) (3,3) (1,4) (0,2) 
(1,0) (3,1) (4,3) (2,2) (3,4) 
(4,2) (3,0) (1,1) (0,3) (2,4) 
The 91 methods:
(0,0) (1,2) (0,4) (2,3) (4,4) 
(3,2) (4,0) (2,1) (1,3) (0,1) 
(2,0) (4,1) (3,3) (1,4) (2,2) 
(3,4) (4,2) (3,0) (1,1) (0,3) 
(2,4) (4,3) (3,1) (1,0) (0,2) 
The 92 methods:
(0,0) (1,2) (0,4) (2,3) (4,4) 
(3,2) (4,0) (2,1) (1,3) (0,1) 
(2,0) (4,1) (2,2) (3,4) (4,2) 
(3,0) (1,1) (0,3) (2,4) (4,3) 
(3,1) (1,0) (0,2) (1,4) (3,3) 
The 93 methods:
(0,0) (1,2) (0,4) (2,3) (4,4) 
(3,2) (4,0) (2,1) (0,2) (1,4) 
(2,2) (1,0) (3,1) (4,3) (2,4) 
(0,3) (1,1) (3,0) (4,2) (3,4) 
(1,3) (0,1) (2,0) (4,1) (3,3) 
The 94 methods:
(0,0) (1,2) (0,4) (2,3) (4,4) 
(3,2) (4,0) (2,1) (0,2) (1,4) 
(3,3) (4,1) (2,2) (1,0) (3,1) 
(4,3) (2,4) (0,3) (1,1) (3,0) 
(4,2) (3,4) (1,3) (0,1) (2,0) 
The 95 methods:
(0,0) (1,2) (0,4) (2,3) (4,4) 
(3,2) (4,0) (2,1) (0,2) (1,4) 
(3,3) (4,1) (2,0) (0,1) (1,3) 
(3,4) (2,2) (1,0) (3,1) (4,3) 
(2,4) (0,3) (1,1) (3,0) (4,2) 
The 96 methods:
(0,0) (1,2) (0,4) (2,3) (4,4) 
(3,2) (4,0) (2,1) (0,2) (1,4) 
(3,3) (4,1) (2,0) (0,1) (1,3) 
(3,4) (4,2) (3,0) (2,2) (1,0) 
(3,1) (4,3) (2,4) (0,3) (1,1) 
The 97 methods:
(0,0) (1,2) (0,4) (2,3) (4,4) 
(3,2) (4,0) (2,1) (0,2) (1,4) 
(3,3) (4,1) (2,0) (0,1) (1,3) 
(3,4) (4,2) (3,0) (1,1) (0,3) 
(2,4) (4,3) (2,2) (1,0) (3,1) 
The 98 methods:
(0,0) (1,2) (0,4) (2,3) (4,4) 
(3,2) (4,0) (2,1) (0,2) (1,4) 
(3,3) (4,1) (2,0) (0,1) (1,3) 
(3,4) (4,2) (3,0) (1,1) (0,3) 
(2,4) (4,3) (3,1) (1,0) (2,2) 
The 99 methods:
(0,0) (1,2) (0,4) (2,3) (4,4) 
(3,2) (4,0) (2,1) (0,2) (1,4) 
(3,3) (4,1) (2,0) (0,1) (1,3) 
(3,4) (4,2) (3,0) (1,1) (0,3) 
(2,2) (1,0) (3,1) (4,3) (2,4) 
The 100 methods:
(0,0) (1,2) (0,4) (2,3) (4,4) 
(3,2) (4,0) (2,1) (0,2) (1,4) 
(3,3) (4,1) (2,0) (0,1) (2,2) 
(1,0) (3,1) (4,3) (2,4) (0,3) 
(1,1) (3,0) (4,2) (3,4) (1,3) 
The 101 methods:
(0,0) (1,2) (0,4) (2,3) (4,4) 
(3,2) (4,0) (2,1) (0,2) (1,0) 
(2,2) (1,4) (3,3) (4,1) (2,0) 
(0,1) (1,3) (3,4) (4,2) (3,0) 
(1,1) (0,3) (2,4) (4,3) (3,1) 
The 102 methods:
(0,0) (1,2) (0,4) (2,3) (4,4) 
(3,2) (4,0) (2,1) (0,2) (1,0) 
(3,1) (4,3) (2,4) (0,3) (1,1) 
(3,0) (4,2) (3,4) (1,3) (0,1) 
(2,2) (1,4) (3,3) (4,1) (2,0) 
The 103 methods:
(0,0) (1,2) (0,4) (2,3) (4,4) 
(3,2) (4,0) (2,1) (0,2) (1,0) 
(3,1) (4,3) (2,4) (0,3) (1,1) 
(3,0) (4,2) (3,4) (1,3) (0,1) 
(2,0) (4,1) (3,3) (1,4) (2,2) 
The 104 methods:
(0,0) (1,2) (0,4) (2,3) (4,4) 
(3,2) (4,0) (2,1) (0,2) (1,0) 
(3,1) (4,3) (2,4) (0,3) (1,1) 
(3,0) (4,2) (3,4) (1,3) (0,1) 
(2,0) (4,1) (2,2) (1,4) (3,3) 
The 105 methods:
(0,0) (1,2) (0,4) (2,3) (4,4) 
(3,2) (4,0) (2,1) (0,2) (1,0) 
(3,1) (4,3) (2,4) (0,3) (1,1) 
(3,0) (4,2) (3,4) (2,2) (1,4) 
(3,3) (4,1) (2,0) (0,1) (1,3) 
The 106 methods:
(0,0) (1,2) (0,4) (2,3) (4,4) 
(3,2) (4,0) (2,1) (0,2) (1,0) 
(3,1) (4,3) (2,4) (0,3) (1,1) 
(3,0) (2,2) (1,4) (3,3) (4,1) 
(2,0) (0,1) (1,3) (3,4) (4,2) 
The 107 methods:
(0,0) (1,2) (0,4) (2,3) (4,4) 
(3,2) (4,0) (2,1) (0,2) (1,0) 
(3,1) (4,3) (2,4) (0,3) (2,2) 
(1,4) (3,3) (4,1) (2,0) (0,1) 
(1,3) (3,4) (4,2) (3,0) (1,1) 
The 108 methods:
(0,0) (1,2) (0,4) (2,3) (4,4) 
(3,2) (4,0) (2,1) (0,2) (1,0) 
(3,1) (4,3) (2,2) (1,4) (3,3) 
(4,1) (2,0) (0,1) (1,3) (3,4) 
(4,2) (3,0) (1,1) (0,3) (2,4) 
The 109 methods:
(0,0) (1,2) (0,4) (2,3) (0,2) 
(1,4) (2,2) (1,0) (3,1) (4,3) 
(2,4) (0,3) (1,1) (3,0) (4,2) 
(3,4) (1,3) (0,1) (2,0) (4,1) 
(3,3) (2,1) (4,0) (3,2) (4,4) 
The 110 methods:
(0,0) (1,2) (0,4) (2,3) (0,2) 
(1,4) (3,3) (4,1) (2,0) (0,1) 
(1,3) (3,4) (2,2) (1,0) (3,1) 
(4,3) (2,4) (0,3) (1,1) (3,0) 
(4,2) (2,1) (4,0) (3,2) (4,4) 
The 111 methods:
(0,0) (1,2) (0,4) (2,3) (0,2) 
(1,4) (3,3) (4,1) (2,0) (0,1) 
(2,2) (1,0) (3,1) (4,3) (2,4) 
(0,3) (1,1) (3,0) (4,2) (3,4) 
(1,3) (2,1) (4,0) (3,2) (4,4) 
The 112 methods:
(0,0) (1,2) (0,4) (2,3) (0,2) 
(1,0) (3,1) (4,3) (2,4) (0,3) 
(1,1) (3,0) (4,2) (3,4) (1,3) 
(0,1) (2,0) (4,1) (2,2) (1,4) 
(3,3) (2,1) (4,0) (3,2) (4,4) 
The 113 methods:
(0,0) (1,2) (0,4) (2,3) (0,2) 
(1,0) (3,1) (4,3) (2,4) (0,3) 
(1,1) (3,0) (4,2) (3,4) (2,2) 
(1,4) (3,3) (4,1) (2,0) (0,1) 
(1,3) (2,1) (4,0) (3,2) (4,4) 
The 114 methods:
(0,0) (1,2) (0,4) (2,3) (0,2) 
(1,0) (3,1) (4,3) (2,4) (0,3) 
(1,1) (3,0) (2,2) (1,4) (3,3) 
(4,1) (2,0) (0,1) (1,3) (3,4) 
(4,2) (2,1) (4,0) (3,2) (4,4) 
The 115 methods:
(0,0) (1,2) (0,4) (2,3) (1,1) 
(0,3) (2,4) (4,3) (3,1) (1,0) 
(2,2) (3,0) (4,2) (3,4) (1,3) 
(0,1) (2,0) (4,1) (3,3) (1,4) 
(0,2) (2,1) (4,0) (3,2) (4,4) 
The 116 methods:
(0,0) (1,2) (0,4) (2,3) (1,1) 
(0,3) (2,4) (4,3) (3,1) (1,0) 
(0,2) (1,4) (2,2) (3,0) (4,2) 
(3,4) (1,3) (0,1) (2,0) (4,1) 
(3,3) (2,1) (4,0) (3,2) (4,4) 
The 117 methods:
(0,0) (1,2) (0,4) (2,3) (1,1) 
(0,3) (2,4) (4,3) (3,1) (1,0) 
(0,2) (1,4) (3,3) (4,1) (2,0) 
(0,1) (1,3) (3,4) (2,2) (3,0) 
(4,2) (2,1) (4,0) (3,2) (4,4) 
The 118 methods:
(0,0) (1,2) (0,4) (2,3) (1,1) 
(0,3) (2,4) (4,3) (3,1) (1,0) 
(0,2) (1,4) (3,3) (4,1) (2,0) 
(0,1) (2,2) (3,0) (4,2) (3,4) 
(1,3) (2,1) (4,0) (3,2) (4,4) 
The 119 methods:
(0,0) (1,2) (0,4) (2,3) (1,1) 
(3,0) (4,2) (3,4) (1,3) (0,1) 
(2,0) (4,1) (3,3) (1,4) (2,2) 
(0,3) (2,4) (4,3) (3,1) (1,0) 
(0,2) (2,1) (4,0) (3,2) (4,4) 
The 120 methods:
(0,0) (1,2) (0,4) (2,3) (1,1) 
(3,0) (4,2) (3,4) (1,3) (0,1) 
(2,0) (4,1) (2,2) (0,3) (2,4) 
(4,3) (3,1) (1,0) (0,2) (1,4) 
(3,3) (2,1) (4,0) (3,2) (4,4) 
The 121 methods:
(0,0) (1,2) (0,4) (2,3) (1,1) 
(3,0) (4,2) (3,4) (2,2) (0,3) 
(2,4) (4,3) (3,1) (1,0) (0,2) 
(1,4) (3,3) (4,1) (2,0) (0,1) 
(1,3) (2,1) (4,0) (3,2) (4,4) 
The 122 methods:
(0,0) (1,2) (0,4) (2,3) (1,1) 
(3,0) (2,2) (0,3) (2,4) (4,3) 
(3,1) (1,0) (0,2) (1,4) (3,3) 
(4,1) (2,0) (0,1) (1,3) (3,4) 
(4,2) (2,1) (4,0) (3,2) (4,4) 
The 123 methods:
(0,0) (1,2) (0,4) (2,3) (3,1) 
(4,3) (2,4) (0,3) (1,1) (3,0) 
(4,2) (3,4) (1,3) (0,1) (2,0) 
(4,1) (3,3) (1,4) (2,2) (1,0) 
(0,2) (2,1) (4,0) (3,2) (4,4) 
The 124 methods:
(0,0) (1,2) (0,4) (2,3) (3,1) 
(4,3) (2,4) (0,3) (1,1) (3,0) 
(4,2) (3,4) (1,3) (0,1) (2,0) 
(4,1) (2,2) (1,0) (0,2) (1,4) 
(3,3) (2,1) (4,0) (3,2) (4,4) 
The 125 methods:
(0,0) (1,2) (0,4) (2,3) (3,1) 
(4,3) (2,4) (0,3) (1,1) (3,0) 
(4,2) (3,4) (2,2) (1,0) (0,2) 
(1,4) (3,3) (4,1) (2,0) (0,1) 
(1,3) (2,1) (4,0) (3,2) (4,4) 
The 126 methods:
(0,0) (1,2) (0,4) (2,3) (3,1) 
(4,3) (2,4) (0,3) (1,1) (3,0) 
(2,2) (1,0) (0,2) (1,4) (3,3) 
(4,1) (2,0) (0,1) (1,3) (3,4) 
(4,2) (2,1) (4,0) (3,2) (4,4) 
The 127 methods:
(0,0) (1,2) (0,4) (2,3) (3,1) 
(1,0) (2,2) (4,3) (2,4) (0,3) 
(1,1) (3,0) (4,2) (3,4) (1,3) 
(0,1) (2,0) (4,1) (3,3) (1,4) 
(0,2) (2,1) (4,0) (3,2) (4,4) 
The 128 methods:
(0,0) (1,2) (0,4) (2,3) (3,1) 
(1,0) (0,2) (1,4) (2,2) (4,3) 
(2,4) (0,3) (1,1) (3,0) (4,2) 
(3,4) (1,3) (0,1) (2,0) (4,1) 
(3,3) (2,1) (4,0) (3,2) (4,4) 
The 129 methods:
(0,0) (1,2) (0,4) (2,3) (3,1) 
(1,0) (0,2) (1,4) (3,3) (4,1) 
(2,0) (0,1) (1,3) (3,4) (2,2) 
(4,3) (2,4) (0,3) (1,1) (3,0) 
(4,2) (2,1) (4,0) (3,2) (4,4) 
The 130 methods:
(0,0) (1,2) (0,4) (2,3) (3,1) 
(1,0) (0,2) (1,4) (3,3) (4,1) 
(2,0) (0,1) (2,2) (4,3) (2,4) 
(0,3) (1,1) (3,0) (4,2) (3,4) 
(1,3) (2,1) (4,0) (3,2) (4,4) 
The 131 methods:
(0,0) (1,2) (0,4) (2,3) (4,2) 
(3,4) (1,3) (0,1) (2,0) (4,1) 
(3,3) (1,4) (2,2) (3,0) (1,1) 
(0,3) (2,4) (4,3) (3,1) (1,0) 
(0,2) (2,1) (4,0) (3,2) (4,4) 
The 132 methods:
(0,0) (1,2) (0,4) (2,3) (4,2) 
(3,4) (1,3) (0,1) (2,0) (4,1) 
(2,2) (3,0) (1,1) (0,3) (2,4) 
(4,3) (3,1) (1,0) (0,2) (1,4) 
(3,3) (2,1) (4,0) (3,2) (4,4) 
The 133 methods:
(0,0) (1,2) (0,4) (2,3) (4,2) 
(3,4) (2,2) (3,0) (1,1) (0,3) 
(2,4) (4,3) (3,1) (1,0) (0,2) 
(1,4) (3,3) (4,1) (2,0) (0,1) 
(1,3) (2,1) (4,0) (3,2) (4,4) 
The 134 methods:
(0,0) (1,2) (0,4) (2,3) (4,2) 
(3,0) (1,1) (0,3) (2,4) (4,3) 
(3,1) (1,0) (2,2) (3,4) (1,3) 
(0,1) (2,0) (4,1) (3,3) (1,4) 
(0,2) (2,1) (4,0) (3,2) (4,4) 
The 135 methods:
(0,0) (1,2) (0,4) (2,3) (4,2) 
(3,0) (1,1) (0,3) (2,4) (4,3) 
(3,1) (1,0) (0,2) (1,4) (2,2) 
(3,4) (1,3) (0,1) (2,0) (4,1) 
(3,3) (2,1) (4,0) (3,2) (4,4) 
The 136 methods:
(0,0) (1,2) (0,4) (2,3) (4,2) 
(3,0) (1,1) (0,3) (2,4) (4,3) 
(3,1) (1,0) (0,2) (1,4) (3,3) 
(4,1) (2,0) (0,1) (2,2) (3,4) 
(1,3) (2,1) (4,0) (3,2) (4,4) 
The 137 methods:
(0,0) (1,2) (2,0) (4,1) (3,3) 
(1,4) (0,2) (1,0) (3,1) (4,3) 
(2,4) (0,3) (1,1) (3,0) (4,2) 
(3,4) (2,2) (0,1) (1,3) (2,1) 
(4,0) (3,2) (4,4) (2,3) (0,4) 
The 138 methods:
(0,0) (1,2) (2,0) (4,1) (3,3) 
(1,4) (0,2) (1,0) (3,1) (4,3) 
(2,4) (0,3) (1,1) (3,0) (2,2) 
(0,1) (1,3) (3,4) (4,2) (2,1) 
(4,0) (3,2) (4,4) (2,3) (0,4) 
The 139 methods:
(0,0) (1,2) (2,0) (4,1) (3,3) 
(1,4) (2,2) (0,1) (1,3) (3,4) 
(4,2) (3,0) (1,1) (0,3) (2,4) 
(4,3) (3,1) (1,0) (0,2) (2,1) 
(4,0) (3,2) (4,4) (2,3) (0,4) 
The 140 methods:
(0,0) (1,2) (2,0) (4,1) (2,2) 
(0,1) (1,3) (3,4) (4,2) (3,0) 
(1,1) (0,3) (2,4) (4,3) (3,1) 
(1,0) (0,2) (1,4) (3,3) (2,1) 
(4,0) (3,2) (4,4) (2,3) (0,4) 
The 141 methods:
(0,0) (1,2) (2,0) (0,1) (1,3) 
(3,4) (2,2) (4,1) (3,3) (1,4) 
(0,2) (1,0) (3,1) (4,3) (2,4) 
(0,3) (1,1) (3,0) (4,2) (2,1) 
(4,0) (3,2) (4,4) (2,3) (0,4) 
The 142 methods:
(0,0) (1,2) (2,0) (0,1) (1,3) 
(3,4) (4,2) (3,0) (1,1) (0,3) 
(2,4) (4,3) (3,1) (1,0) (2,2) 
(4,1) (3,3) (1,4) (0,2) (2,1) 
(4,0) (3,2) (4,4) (2,3) (0,4) 
The 143 methods:
(0,0) (1,2) (2,0) (0,1) (1,3) 
(3,4) (4,2) (3,0) (1,1) (0,3) 
(2,4) (4,3) (3,1) (1,0) (0,2) 
(1,4) (2,2) (4,1) (3,3) (2,1) 
(4,0) (3,2) (4,4) (2,3) (0,4) 
The 144 methods:
(0,0) (1,2) (2,0) (0,1) (2,2) 
(4,1) (3,3) (1,4) (0,2) (1,0) 
(3,1) (4,3) (2,4) (0,3) (1,1) 
(3,0) (4,2) (3,4) (1,3) (2,1) 
(4,0) (3,2) (4,4) (2,3) (0,4) 
The 145 methods:
(0,0) (1,2) (3,1) (4,3) (2,4) 
(0,3) (1,1) (3,0) (4,2) (3,4) 
(1,3) (0,1) (2,0) (4,1) (3,3) 
(1,4) (2,2) (1,0) (0,2) (2,1) 
(4,0) (3,2) (4,4) (2,3) (0,4) 
The 146 methods:
(0,0) (1,2) (3,1) (4,3) (2,4) 
(0,3) (1,1) (3,0) (4,2) (3,4) 
(1,3) (0,1) (2,0) (4,1) (2,2) 
(1,0) (0,2) (1,4) (3,3) (2,1) 
(4,0) (3,2) (4,4) (2,3) (0,4) 
The 147 methods:
(0,0) (1,2) (3,1) (4,3) (2,4) 
(0,3) (1,1) (3,0) (4,2) (3,4) 
(2,2) (1,0) (0,2) (1,4) (3,3) 
(4,1) (2,0) (0,1) (1,3) (2,1) 
(4,0) (3,2) (4,4) (2,3) (0,4) 
The 148 methods:
(0,0) (1,2) (3,1) (4,3) (2,4) 
(0,3) (1,1) (3,0) (2,2) (1,0) 
(0,2) (1,4) (3,3) (4,1) (2,0) 
(0,1) (1,3) (3,4) (4,2) (2,1) 
(4,0) (3,2) (4,4) (2,3) (0,4) 
The 149 methods:
(0,0) (1,2) (3,1) (1,0) (2,2) 
(4,3) (2,4) (0,3) (1,1) (3,0) 
(4,2) (3,4) (1,3) (0,1) (2,0) 
(4,1) (3,3) (1,4) (0,2) (2,1) 
(4,0) (3,2) (4,4) (2,3) (0,4) 
The 150 methods:
(0,0) (1,2) (3,1) (1,0) (0,2) 
(1,4) (2,2) (4,3) (2,4) (0,3) 
(1,1) (3,0) (4,2) (3,4) (1,3) 
(0,1) (2,0) (4,1) (3,3) (2,1) 
(4,0) (3,2) (4,4) (2,3) (0,4) 
The 151 methods:
(0,0) (1,2) (3,1) (1,0) (0,2) 
(1,4) (3,3) (4,1) (2,0) (0,1) 
(1,3) (3,4) (2,2) (4,3) (2,4) 
(0,3) (1,1) (3,0) (4,2) (2,1) 
(4,0) (3,2) (4,4) (2,3) (0,4) 
The 152 methods:
(0,0) (1,2) (3,1) (1,0) (0,2) 
(1,4) (3,3) (4,1) (2,0) (0,1) 
(2,2) (4,3) (2,4) (0,3) (1,1) 
(3,0) (4,2) (3,4) (1,3) (2,1) 
(4,0) (3,2) (4,4) (2,3) (0,4) 
The 153 methods:
(0,0) (2,1) (3,3) (1,4) (0,2) 
(1,0) (2,2) (4,1) (2,0) (0,1) 
(1,3) (3,4) (4,2) (3,0) (1,1) 
(0,3) (2,4) (4,3) (3,1) (1,2) 
(0,4) (2,3) (4,4) (3,2) (4,0) 
The 154 methods:
(0,0) (2,1) (3,3) (1,4) (0,2) 
(1,0) (3,1) (4,3) (2,4) (0,3) 
(1,1) (3,0) (4,2) (3,4) (1,3) 
(0,1) (2,2) (4,1) (2,0) (1,2) 
(0,4) (2,3) (4,4) (3,2) (4,0) 
The 155 methods:
(0,0) (2,1) (3,3) (1,4) (0,2) 
(1,0) (3,1) (4,3) (2,2) (4,1) 
(2,0) (0,1) (1,3) (3,4) (4,2) 
(3,0) (1,1) (0,3) (2,4) (1,2) 
(0,4) (2,3) (4,4) (3,2) (4,0) 
The 156 methods:
(0,0) (2,1) (3,3) (4,1) (2,2) 
(1,4) (0,2) (1,0) (3,1) (4,3) 
(2,4) (0,3) (1,1) (3,0) (4,2) 
(3,4) (1,3) (0,1) (2,0) (1,2) 
(0,4) (2,3) (4,4) (3,2) (4,0) 
The 157 methods:
(0,0) (2,1) (3,3) (4,1) (2,0) 
(0,1) (1,3) (3,4) (4,2) (3,0) 
(1,1) (0,3) (2,4) (4,3) (2,2) 
(1,4) (0,2) (1,0) (3,1) (1,2) 
(0,4) (2,3) (4,4) (3,2) (4,0) 
The 158 methods:
(0,0) (2,1) (3,3) (4,1) (2,0) 
(0,1) (1,3) (3,4) (4,2) (3,0) 
(1,1) (0,3) (2,2) (1,4) (0,2) 
(1,0) (3,1) (4,3) (2,4) (1,2) 
(0,4) (2,3) (4,4) (3,2) (4,0) 
The 159 methods:
(0,0) (2,1) (4,2) (3,4) (1,3) 
(0,1) (2,2) (3,0) (1,1) (0,3) 
(2,4) (4,3) (3,1) (1,0) (0,2) 
(1,4) (3,3) (4,1) (2,0) (1,2) 
(0,4) (2,3) (4,4) (3,2) (4,0) 
The 160 methods:
(0,0) (2,1) (4,2) (3,4) (1,3) 
(0,1) (2,0) (4,1) (3,3) (1,4) 
(0,2) (1,0) (2,2) (3,0) (1,1) 
(0,3) (2,4) (4,3) (3,1) (1,2) 
(0,4) (2,3) (4,4) (3,2) (4,0) 
The 161 methods:
(0,0) (2,1) (4,2) (3,4) (1,3) 
(0,1) (2,0) (4,1) (3,3) (1,4) 
(0,2) (1,0) (3,1) (4,3) (2,2) 
(3,0) (1,1) (0,3) (2,4) (1,2) 
(0,4) (2,3) (4,4) (3,2) (4,0) 
The 162 methods:
(0,0) (2,1) (4,2) (3,4) (1,3) 
(0,1) (2,0) (4,1) (2,2) (3,0) 
(1,1) (0,3) (2,4) (4,3) (3,1) 
(1,0) (0,2) (1,4) (3,3) (1,2) 
(0,4) (2,3) (4,4) (3,2) (4,0) 
The 163 methods:
(0,0) (2,1) (4,2) (3,0) (1,1) 
(0,3) (2,4) (4,3) (2,2) (3,4) 
(1,3) (0,1) (2,0) (4,1) (3,3) 
(1,4) (0,2) (1,0) (3,1) (1,2) 
(0,4) (2,3) (4,4) (3,2) (4,0) 
The 164 methods:
(0,0) (2,1) (4,2) (3,0) (1,1) 
(0,3) (2,4) (4,3) (3,1) (1,0) 
(0,2) (1,4) (2,2) (3,4) (1,3) 
(0,1) (2,0) (4,1) (3,3) (1,2) 
(0,4) (2,3) (4,4) (3,2) (4,0) 
The 165 methods:
(0,0) (2,1) (4,2) (3,0) (1,1) 
(0,3) (2,4) (4,3) (3,1) (1,0) 
(0,2) (1,4) (3,3) (4,1) (2,2) 
(3,4) (1,3) (0,1) (2,0) (1,2) 
(0,4) (2,3) (4,4) (3,2) (4,0) 
The 166 methods:
(0,0) (2,1) (4,2) (3,0) (1,1) 
(0,3) (2,2) (3,4) (1,3) (0,1) 
(2,0) (4,1) (3,3) (1,4) (0,2) 
(1,0) (3,1) (4,3) (2,4) (1,2) 
(0,4) (2,3) (4,4) (3,2) (4,0) 
The 167 methods:
(0,0) (2,1) (1,3) (3,4) (4,2) 
(3,0) (1,1) (0,3) (2,4) (4,3) 
(2,2) (0,1) (2,0) (4,1) (3,3) 
(1,4) (0,2) (1,0) (3,1) (1,2) 
(0,4) (2,3) (4,4) (3,2) (4,0) 
The 168 methods:
(0,0) (2,1) (1,3) (3,4) (4,2) 
(3,0) (1,1) (0,3) (2,4) (4,3) 
(3,1) (1,0) (0,2) (1,4) (2,2) 
(0,1) (2,0) (4,1) (3,3) (1,2) 
(0,4) (2,3) (4,4) (3,2) (4,0) 
The 169 methods:
(0,0) (2,1) (1,3) (3,4) (4,2) 
(3,0) (1,1) (0,3) (2,4) (4,3) 
(3,1) (1,0) (0,2) (1,4) (3,3) 
(4,1) (2,2) (0,1) (2,0) (1,2) 
(0,4) (2,3) (4,4) (3,2) (4,0) 
The 170 methods:
(0,0) (2,1) (1,3) (3,4) (4,2) 
(3,0) (1,1) (0,3) (2,2) (0,1) 
(2,0) (4,1) (3,3) (1,4) (0,2) 
(1,0) (3,1) (4,3) (2,4) (1,2) 
(0,4) (2,3) (4,4) (3,2) (4,0) 
The 171 methods:
(0,0) (2,1) (1,3) (0,1) (2,2) 
(3,4) (4,2) (3,0) (1,1) (0,3) 
(2,4) (4,3) (3,1) (1,0) (0,2) 
(1,4) (3,3) (4,1) (2,0) (1,2) 
(0,4) (2,3) (4,4) (3,2) (4,0) 
The 172 methods:
(0,0) (2,1) (1,3) (0,1) (2,0) 
(4,1) (3,3) (1,4) (0,2) (1,0) 
(2,2) (3,4) (4,2) (3,0) (1,1) 
(0,3) (2,4) (4,3) (3,1) (1,2) 
(0,4) (2,3) (4,4) (3,2) (4,0) 
The 173 methods:
(0,0) (2,1) (1,3) (0,1) (2,0) 
(4,1) (3,3) (1,4) (0,2) (1,0) 
(3,1) (4,3) (2,2) (3,4) (4,2) 
(3,0) (1,1) (0,3) (2,4) (1,2) 
(0,4) (2,3) (4,4) (3,2) (4,0) 
The 174 methods:
(0,0) (2,1) (1,3) (0,1) (2,0) 
(4,1) (2,2) (3,4) (4,2) (3,0) 
(1,1) (0,3) (2,4) (4,3) (3,1) 
(1,0) (0,2) (1,4) (3,3) (1,2) 
(0,4) (2,3) (4,4) (3,2) (4,0) 
The 175 methods:
(0,0) (2,1) (0,2) (1,4) (2,2) 
(1,0) (3,1) (4,3) (2,4) (0,3) 
(1,1) (3,0) (4,2) (3,4) (1,3) 
(0,1) (2,0) (4,1) (3,3) (1,2) 
(0,4) (2,3) (4,4) (3,2) (4,0) 
The 176 methods:
(0,0) (2,1) (0,2) (1,4) (3,3) 
(4,1) (2,2) (1,0) (3,1) (4,3) 
(2,4) (0,3) (1,1) (3,0) (4,2) 
(3,4) (1,3) (0,1) (2,0) (1,2) 
(0,4) (2,3) (4,4) (3,2) (4,0) 
The 177 methods:
(0,0) (2,1) (0,2) (1,4) (3,3) 
(4,1) (2,0) (0,1) (1,3) (3,4) 
(4,2) (3,0) (1,1) (0,3) (2,4) 
(4,3) (2,2) (1,0) (3,1) (1,2) 
(0,4) (2,3) (4,4) (3,2) (4,0) 
The 178 methods:
(0,0) (2,1) (0,2) (1,4) (3,3) 
(4,1) (2,0) (0,1) (1,3) (3,4) 
(4,2) (3,0) (1,1) (0,3) (2,2) 
(1,0) (3,1) (4,3) (2,4) (1,2) 
(0,4) (2,3) (4,4) (3,2) (4,0) 
The 179 methods:
(0,0) (2,1) (0,2) (1,0) (2,2) 
(1,4) (3,3) (4,1) (2,0) (0,1) 
(1,3) (3,4) (4,2) (3,0) (1,1) 
(0,3) (2,4) (4,3) (3,1) (1,2) 
(0,4) (2,3) (4,4) (3,2) (4,0) 
The 180 methods:
(0,0) (2,1) (0,2) (1,0) (3,1) 
(4,3) (2,4) (0,3) (1,1) (3,0) 
(4,2) (3,4) (1,3) (0,1) (2,2) 
(1,4) (3,3) (4,1) (2,0) (1,2) 
(0,4) (2,3) (4,4) (3,2) (4,0) 
The 181 methods:
(0,0) (2,1) (0,2) (1,0) (3,1) 
(4,3) (2,4) (0,3) (1,1) (3,0) 
(4,2) (3,4) (1,3) (0,1) (2,0) 
(4,1) (2,2) (1,4) (3,3) (1,2) 
(0,4) (2,3) (4,4) (3,2) (4,0) 
The 182 methods:
(0,0) (2,1) (0,2) (1,0) (3,1) 
(4,3) (2,2) (1,4) (3,3) (4,1) 
(2,0) (0,1) (1,3) (3,4) (4,2) 
(3,0) (1,1) (0,3) (2,4) (1,2) 
(0,4) (2,3) (4,4) (3,2) (4,0) 
The 183 methods:
(0,0) (2,1) (4,0) (3,2) (4,4) 
(2,3) (0,4) (1,2) (2,4) (0,3) 
(1,1) (3,0) (4,2) (3,4) (1,3) 
(0,1) (2,2) (4,3) (3,1) (1,0) 
(0,2) (1,4) (3,3) (4,1) (2,0) 
The 184 methods:
(0,0) (2,1) (4,0) (3,2) (4,4) 
(2,3) (0,4) (1,2) (2,4) (0,3) 
(1,1) (3,0) (4,2) (3,4) (1,3) 
(0,1) (2,0) (4,1) (3,3) (1,4) 
(0,2) (1,0) (2,2) (4,3) (3,1) 
The 185 methods:
(0,0) (2,1) (4,0) (3,2) (4,4) 
(2,3) (0,4) (1,2) (2,4) (0,3) 
(1,1) (3,0) (4,2) (3,4) (1,3) 
(0,1) (2,0) (4,1) (3,3) (1,4) 
(0,2) (1,0) (3,1) (4,3) (2,2) 
The 186 methods:
(0,0) (2,1) (4,0) (3,2) (4,4) 
(2,3) (0,4) (1,2) (2,4) (0,3) 
(1,1) (3,0) (4,2) (3,4) (1,3) 
(0,1) (2,0) (4,1) (3,3) (1,4) 
(2,2) (4,3) (3,1) (1,0) (0,2) 
The 187 methods:
(0,0) (2,1) (4,0) (3,2) (4,4) 
(2,3) (0,4) (1,2) (2,4) (0,3) 
(1,1) (3,0) (4,2) (3,4) (1,3) 
(0,1) (2,0) (4,1) (2,2) (4,3) 
(3,1) (1,0) (0,2) (1,4) (3,3) 
The 188 methods:
(0,0) (2,1) (4,0) (3,2) (4,4) 
(2,3) (0,4) (1,2) (2,4) (0,3) 
(1,1) (3,0) (4,2) (3,4) (2,2) 
(4,3) (3,1) (1,0) (0,2) (1,4) 
(3,3) (4,1) (2,0) (0,1) (1,3) 
The 189 methods:
(0,0) (2,1) (4,0) (3,2) (4,4) 
(2,3) (0,4) (1,2) (2,4) (0,3) 
(1,1) (3,0) (2,2) (4,3) (3,1) 
(1,0) (0,2) (1,4) (3,3) (4,1) 
(2,0) (0,1) (1,3) (3,4) (4,2) 
The 190 methods:
(0,0) (2,1) (4,0) (3,2) (4,4) 
(2,3) (0,4) (1,2) (2,4) (0,3) 
(2,2) (4,3) (3,1) (1,0) (0,2) 
(1,4) (3,3) (4,1) (2,0) (0,1) 
(1,3) (3,4) (4,2) (3,0) (1,1) 
The 191 methods:
(0,0) (2,1) (4,0) (3,2) (4,4) 
(2,3) (0,4) (1,2) (2,4) (4,3) 
(2,2) (0,3) (1,1) (3,0) (4,2) 
(3,4) (1,3) (0,1) (2,0) (4,1) 
(3,3) (1,4) (0,2) (1,0) (3,1) 
The 192 methods:
(0,0) (2,1) (4,0) (3,2) (4,4) 
(2,3) (0,4) (1,2) (2,4) (4,3) 
(3,1) (1,0) (2,2) (0,3) (1,1) 
(3,0) (4,2) (3,4) (1,3) (0,1) 
(2,0) (4,1) (3,3) (1,4) (0,2) 
The 193 methods:
(0,0) (2,1) (4,0) (3,2) (4,4) 
(2,3) (0,4) (1,2) (2,4) (4,3) 
(3,1) (1,0) (0,2) (1,4) (2,2) 
(0,3) (1,1) (3,0) (4,2) (3,4) 
(1,3) (0,1) (2,0) (4,1) (3,3) 
The 194 methods:
(0,0) (2,1) (4,0) (3,2) (4,4) 
(2,3) (0,4) (1,2) (2,4) (4,3) 
(3,1) (1,0) (0,2) (1,4) (3,3) 
(4,1) (2,2) (0,3) (1,1) (3,0) 
(4,2) (3,4) (1,3) (0,1) (2,0) 
The 195 methods:
(0,0) (2,1) (4,0) (3,2) (4,4) 
(2,3) (0,4) (1,2) (2,4) (4,3) 
(3,1) (1,0) (0,2) (1,4) (3,3) 
(4,1) (2,0) (0,1) (1,3) (3,4) 
(2,2) (0,3) (1,1) (3,0) (4,2) 
The 196 methods:
(0,0) (2,1) (4,0) (3,2) (4,4) 
(2,3) (0,4) (1,2) (2,4) (4,3) 
(3,1) (1,0) (0,2) (1,4) (3,3) 
(4,1) (2,0) (0,1) (1,3) (3,4) 
(4,2) (3,0) (2,2) (0,3) (1,1) 
The 197 methods:
(0,0) (2,1) (4,0) (3,2) (4,4) 
(2,3) (0,4) (1,2) (2,4) (4,3) 
(3,1) (1,0) (0,2) (1,4) (3,3) 
(4,1) (2,0) (0,1) (1,3) (3,4) 
(4,2) (3,0) (1,1) (0,3) (2,2) 
The 198 methods:
(0,0) (2,1) (4,0) (3,2) (4,4) 
(2,3) (0,4) (1,2) (2,4) (4,3) 
(3,1) (1,0) (0,2) (1,4) (3,3) 
(4,1) (2,0) (0,1) (2,2) (0,3) 
(1,1) (3,0) (4,2) (3,4) (1,3) 
The 199 methods:
(0,0) (2,1) (4,0) (3,2) (4,4) 
(2,3) (0,4) (1,2) (3,3) (1,4) 
(0,2) (1,0) (2,2) (4,1) (2,0) 
(0,1) (1,3) (3,4) (4,2) (3,0) 
(1,1) (0,3) (2,4) (4,3) (3,1) 
The 200 methods:
(0,0) (2,1) (4,0) (3,2) (4,4) 
(2,3) (0,4) (1,2) (3,3) (1,4) 
(0,2) (1,0) (3,1) (4,3) (2,4) 
(0,3) (1,1) (3,0) (4,2) (3,4) 
(1,3) (0,1) (2,2) (4,1) (2,0) 
The 201 methods:
(0,0) (2,1) (4,0) (3,2) (4,4) 
(2,3) (0,4) (1,2) (3,3) (1,4) 
(0,2) (1,0) (3,1) (4,3) (2,4) 
(0,3) (1,1) (3,0) (4,2) (3,4) 
(1,3) (0,1) (2,0) (4,1) (2,2) 
The 202 methods:
(0,0) (2,1) (4,0) (3,2) (4,4) 
(2,3) (0,4) (1,2) (3,3) (1,4) 
(0,2) (1,0) (3,1) (4,3) (2,4) 
(0,3) (1,1) (3,0) (4,2) (3,4) 
(2,2) (4,1) (2,0) (0,1) (1,3) 
The 203 methods:
(0,0) (2,1) (4,0) (3,2) (4,4) 
(2,3) (0,4) (1,2) (3,3) (1,4) 
(0,2) (1,0) (3,1) (4,3) (2,4) 
(0,3) (1,1) (3,0) (2,2) (4,1) 
(2,0) (0,1) (1,3) (3,4) (4,2) 
The 204 methods:
(0,0) (2,1) (4,0) (3,2) (4,4) 
(2,3) (0,4) (1,2) (3,3) (1,4) 
(0,2) (1,0) (3,1) (4,3) (2,4) 
(0,3) (2,2) (4,1) (2,0) (0,1) 
(1,3) (3,4) (4,2) (3,0) (1,1) 
The 205 methods:
(0,0) (2,1) (4,0) (3,2) (4,4) 
(2,3) (0,4) (1,2) (3,3) (1,4) 
(0,2) (1,0) (3,1) (4,3) (2,2) 
(4,1) (2,0) (0,1) (1,3) (3,4) 
(4,2) (3,0) (1,1) (0,3) (2,4) 
The 206 methods:
(0,0) (2,1) (4,0) (3,2) (4,4) 
(2,3) (0,4) (1,2) (3,3) (1,4) 
(2,2) (4,1) (2,0) (0,1) (1,3) 
(3,4) (4,2) (3,0) (1,1) (0,3) 
(2,4) (4,3) (3,1) (1,0) (0,2) 
The 207 methods:
(0,0) (2,1) (4,0) (3,2) (4,4) 
(2,3) (0,4) (1,2) (3,3) (4,1) 
(2,2) (1,4) (0,2) (1,0) (3,1) 
(4,3) (2,4) (0,3) (1,1) (3,0) 
(4,2) (3,4) (1,3) (0,1) (2,0) 
The 208 methods:
(0,0) (2,1) (4,0) (3,2) (4,4) 
(2,3) (0,4) (1,2) (3,3) (4,1) 
(2,0) (0,1) (1,3) (3,4) (2,2) 
(1,4) (0,2) (1,0) (3,1) (4,3) 
(2,4) (0,3) (1,1) (3,0) (4,2) 
The 209 methods:
(0,0) (2,1) (4,0) (3,2) (4,4) 
(2,3) (0,4) (1,2) (3,3) (4,1) 
(2,0) (0,1) (1,3) (3,4) (4,2) 
(3,0) (2,2) (1,4) (0,2) (1,0) 
(3,1) (4,3) (2,4) (0,3) (1,1) 
The 210 methods:
(0,0) (2,1) (4,0) (3,2) (4,4) 
(2,3) (0,4) (1,2) (3,3) (4,1) 
(2,0) (0,1) (1,3) (3,4) (4,2) 
(3,0) (1,1) (0,3) (2,4) (4,3) 
(2,2) (1,4) (0,2) (1,0) (3,1) 
The 211 methods:
(0,0) (2,1) (4,0) (3,2) (4,4) 
(2,3) (0,4) (1,2) (3,3) (4,1) 
(2,0) (0,1) (1,3) (3,4) (4,2) 
(3,0) (1,1) (0,3) (2,4) (4,3) 
(3,1) (1,0) (2,2) (1,4) (0,2) 
The 212 methods:
(0,0) (2,1) (4,0) (3,2) (4,4) 
(2,3) (0,4) (1,2) (3,3) (4,1) 
(2,0) (0,1) (1,3) (3,4) (4,2) 
(3,0) (1,1) (0,3) (2,4) (4,3) 
(3,1) (1,0) (0,2) (1,4) (2,2) 
The 213 methods:
(0,0) (2,1) (4,0) (3,2) (4,4) 
(2,3) (0,4) (1,2) (3,3) (4,1) 
(2,0) (0,1) (1,3) (3,4) (4,2) 
(3,0) (1,1) (0,3) (2,2) (1,4) 
(0,2) (1,0) (3,1) (4,3) (2,4) 
The 214 methods:
(0,0) (2,1) (4,0) (3,2) (4,4) 
(2,3) (0,4) (1,2) (3,3) (4,1) 
(2,0) (0,1) (2,2) (1,4) (0,2) 
(1,0) (3,1) (4,3) (2,4) (0,3) 
(1,1) (3,0) (4,2) (3,4) (1,3) 
The 215 methods:
(0,0) (2,1) (4,0) (3,2) (4,4) 
(2,3) (0,4) (1,2) (2,0) (4,1) 
(3,3) (1,4) (0,2) (1,0) (2,2) 
(0,1) (1,3) (3,4) (4,2) (3,0) 
(1,1) (0,3) (2,4) (4,3) (3,1) 
The 216 methods:
(0,0) (2,1) (4,0) (3,2) (4,4) 
(2,3) (0,4) (1,2) (2,0) (4,1) 
(3,3) (1,4) (0,2) (1,0) (3,1) 
(4,3) (2,4) (0,3) (1,1) (3,0) 
(4,2) (3,4) (1,3) (0,1) (2,2) 
The 217 methods:
(0,0) (2,1) (4,0) (3,2) (4,4) 
(2,3) (0,4) (1,2) (2,0) (4,1) 
(3,3) (1,4) (0,2) (1,0) (3,1) 
(4,3) (2,4) (0,3) (1,1) (3,0) 
(4,2) (3,4) (2,2) (0,1) (1,3) 
The 218 methods:
(0,0) (2,1) (4,0) (3,2) (4,4) 
(2,3) (0,4) (1,2) (2,0) (4,1) 
(3,3) (1,4) (0,2) (1,0) (3,1) 
(4,3) (2,4) (0,3) (1,1) (3,0) 
(2,2) (0,1) (1,3) (3,4) (4,2) 
The 219 methods:
(0,0) (2,1) (4,0) (3,2) (4,4) 
(2,3) (0,4) (1,2) (2,0) (4,1) 
(3,3) (1,4) (0,2) (1,0) (3,1) 
(4,3) (2,4) (0,3) (2,2) (0,1) 
(1,3) (3,4) (4,2) (3,0) (1,1) 
The 220 methods:
(0,0) (2,1) (4,0) (3,2) (4,4) 
(2,3) (0,4) (1,2) (2,0) (4,1) 
(3,3) (1,4) (0,2) (1,0) (3,1) 
(4,3) (2,2) (0,1) (1,3) (3,4) 
(4,2) (3,0) (1,1) (0,3) (2,4) 
The 221 methods:
(0,0) (2,1) (4,0) (3,2) (4,4) 
(2,3) (0,4) (1,2) (2,0) (4,1) 
(3,3) (1,4) (2,2) (0,1) (1,3) 
(3,4) (4,2) (3,0) (1,1) (0,3) 
(2,4) (4,3) (3,1) (1,0) (0,2) 
The 222 methods:
(0,0) (2,1) (4,0) (3,2) (4,4) 
(2,3) (0,4) (1,2) (2,0) (4,1) 
(2,2) (0,1) (1,3) (3,4) (4,2) 
(3,0) (1,1) (0,3) (2,4) (4,3) 
(3,1) (1,0) (0,2) (1,4) (3,3) 
The 223 methods:
(0,0) (2,1) (4,0) (3,2) (4,4) 
(2,3) (0,4) (1,2) (2,0) (0,1) 
(1,3) (3,4) (2,2) (4,1) (3,3) 
(1,4) (0,2) (1,0) (3,1) (4,3) 
(2,4) (0,3) (1,1) (3,0) (4,2) 
The 224 methods:
(0,0) (2,1) (4,0) (3,2) (4,4) 
(2,3) (0,4) (1,2) (2,0) (0,1) 
(1,3) (3,4) (4,2) (3,0) (2,2) 
(4,1) (3,3) (1,4) (0,2) (1,0) 
(3,1) (4,3) (2,4) (0,3) (1,1) 
The 225 methods:
(0,0) (2,1) (4,0) (3,2) (4,4) 
(2,3) (0,4) (1,2) (2,0) (0,1) 
(1,3) (3,4) (4,2) (3,0) (1,1) 
(0,3) (2,4) (4,3) (2,2) (4,1) 
(3,3) (1,4) (0,2) (1,0) (3,1) 
The 226 methods:
(0,0) (2,1) (4,0) (3,2) (4,4) 
(2,3) (0,4) (1,2) (2,0) (0,1) 
(1,3) (3,4) (4,2) (3,0) (1,1) 
(0,3) (2,4) (4,3) (3,1) (1,0) 
(2,2) (4,1) (3,3) (1,4) (0,2) 
The 227 methods:
(0,0) (2,1) (4,0) (3,2) (4,4) 
(2,3) (0,4) (1,2) (2,0) (0,1) 
(1,3) (3,4) (4,2) (3,0) (1,1) 
(0,3) (2,4) (4,3) (3,1) (1,0) 
(0,2) (1,4) (2,2) (4,1) (3,3) 
The 228 methods:
(0,0) (2,1) (4,0) (3,2) (4,4) 
(2,3) (0,4) (1,2) (2,0) (0,1) 
(1,3) (3,4) (4,2) (3,0) (1,1) 
(0,3) (2,4) (4,3) (3,1) (1,0) 
(0,2) (1,4) (3,3) (4,1) (2,2) 
The 229 methods:
(0,0) (2,1) (4,0) (3,2) (4,4) 
(2,3) (0,4) (1,2) (2,0) (0,1) 
(1,3) (3,4) (4,2) (3,0) (1,1) 
(0,3) (2,2) (4,1) (3,3) (1,4) 
(0,2) (1,0) (3,1) (4,3) (2,4) 
The 230 methods:
(0,0) (2,1) (4,0) (3,2) (4,4) 
(2,3) (0,4) (1,2) (2,0) (0,1) 
(2,2) (4,1) (3,3) (1,4) (0,2) 
(1,0) (3,1) (4,3) (2,4) (0,3) 
(1,1) (3,0) (4,2) (3,4) (1,3) 
The 231 methods:
(0,0) (2,1) (4,0) (3,2) (4,4) 
(2,3) (0,4) (1,2) (3,1) (4,3) 
(2,4) (0,3) (1,1) (3,0) (4,2) 
(3,4) (1,3) (0,1) (2,2) (1,0) 
(0,2) (1,4) (3,3) (4,1) (2,0) 
The 232 methods:
(0,0) (2,1) (4,0) (3,2) (4,4) 
(2,3) (0,4) (1,2) (3,1) (4,3) 
(2,4) (0,3) (1,1) (3,0) (4,2) 
(3,4) (1,3) (0,1) (2,0) (4,1) 
(3,3) (1,4) (0,2) (1,0) (2,2) 
The 233 methods:
(0,0) (2,1) (4,0) (3,2) (4,4) 
(2,3) (0,4) (1,2) (3,1) (4,3) 
(2,4) (0,3) (1,1) (3,0) (4,2) 
(3,4) (1,3) (0,1) (2,0) (4,1) 
(3,3) (1,4) (2,2) (1,0) (0,2) 
The 234 methods:
(0,0) (2,1) (4,0) (3,2) (4,4) 
(2,3) (0,4) (1,2) (3,1) (4,3) 
(2,4) (0,3) (1,1) (3,0) (4,2) 
(3,4) (1,3) (0,1) (2,0) (4,1) 
(2,2) (1,0) (0,2) (1,4) (3,3) 
The 235 methods:
(0,0) (2,1) (4,0) (3,2) (4,4) 
(2,3) (0,4) (1,2) (3,1) (4,3) 
(2,4) (0,3) (1,1) (3,0) (4,2) 
(3,4) (2,2) (1,0) (0,2) (1,4) 
(3,3) (4,1) (2,0) (0,1) (1,3) 
The 236 methods:
(0,0) (2,1) (4,0) (3,2) (4,4) 
(2,3) (0,4) (1,2) (3,1) (4,3) 
(2,4) (0,3) (1,1) (3,0) (2,2) 
(1,0) (0,2) (1,4) (3,3) (4,1) 
(2,0) (0,1) (1,3) (3,4) (4,2) 
The 237 methods:
(0,0) (2,1) (4,0) (3,2) (4,4) 
(2,3) (0,4) (1,2) (3,1) (4,3) 
(2,4) (0,3) (2,2) (1,0) (0,2) 
(1,4) (3,3) (4,1) (2,0) (0,1) 
(1,3) (3,4) (4,2) (3,0) (1,1) 
The 238 methods:
(0,0) (2,1) (4,0) (3,2) (4,4) 
(2,3) (0,4) (1,2) (3,1) (4,3) 
(2,2) (1,0) (0,2) (1,4) (3,3) 
(4,1) (2,0) (0,1) (1,3) (3,4) 
(4,2) (3,0) (1,1) (0,3) (2,4) 
The 239 methods:
(0,0) (2,1) (4,0) (3,2) (4,4) 
(2,3) (0,4) (1,2) (3,1) (1,0) 
(2,2) (4,3) (2,4) (0,3) (1,1) 
(3,0) (4,2) (3,4) (1,3) (0,1) 
(2,0) (4,1) (3,3) (1,4) (0,2) 
The 240 methods:
(0,0) (2,1) (4,0) (3,2) (4,4) 
(2,3) (0,4) (1,2) (3,1) (1,0) 
(0,2) (1,4) (2,2) (4,3) (2,4) 
(0,3) (1,1) (3,0) (4,2) (3,4) 
(1,3) (0,1) (2,0) (4,1) (3,3) 
The 241 methods:
(0,0) (2,1) (4,0) (3,2) (4,4) 
(2,3) (0,4) (1,2) (3,1) (1,0) 
(0,2) (1,4) (3,3) (4,1) (2,2) 
(4,3) (2,4) (0,3) (1,1) (3,0) 
(4,2) (3,4) (1,3) (0,1) (2,0) 
The 242 methods:
(0,0) (2,1) (4,0) (3,2) (4,4) 
(2,3) (0,4) (1,2) (3,1) (1,0) 
(0,2) (1,4) (3,3) (4,1) (2,0) 
(0,1) (1,3) (3,4) (2,2) (4,3) 
(2,4) (0,3) (1,1) (3,0) (4,2) 
The 243 methods:
(0,0) (2,1) (4,0) (3,2) (4,4) 
(2,3) (0,4) (1,2) (3,1) (1,0) 
(0,2) (1,4) (3,3) (4,1) (2,0) 
(0,1) (1,3) (3,4) (4,2) (3,0) 
(2,2) (4,3) (2,4) (0,3) (1,1) 
The 244 methods:
(0,0) (2,1) (4,0) (3,2) (4,4) 
(2,3) (0,4) (1,2) (3,1) (1,0) 
(0,2) (1,4) (3,3) (4,1) (2,0) 
(0,1) (1,3) (3,4) (4,2) (3,0) 
(1,1) (0,3) (2,4) (4,3) (2,2) 
The 245 methods:
(0,0) (2,1) (4,0) (3,2) (4,4) 
(2,3) (0,4) (1,2) (3,1) (1,0) 
(0,2) (1,4) (3,3) (4,1) (2,0) 
(0,1) (1,3) (3,4) (4,2) (3,0) 
(1,1) (0,3) (2,2) (4,3) (2,4) 
The 246 methods:
(0,0) (2,1) (4,0) (3,2) (4,4) 
(2,3) (0,4) (1,2) (3,1) (1,0) 
(0,2) (1,4) (3,3) (4,1) (2,0) 
(0,1) (2,2) (4,3) (2,4) (0,3) 
(1,1) (3,0) (4,2) (3,4) (1,3) 
The 247 methods:
(0,0) (2,1) (4,0) (3,2) (4,4) 
(2,3) (0,2) (1,4) (2,2) (1,0) 
(3,1) (4,3) (2,4) (0,3) (1,1) 
(3,0) (4,2) (3,4) (1,3) (0,1) 
(2,0) (4,1) (3,3) (1,2) (0,4) 
The 248 methods:
(0,0) (2,1) (4,0) (3,2) (4,4) 
(2,3) (0,2) (1,4) (3,3) (4,1) 
(2,2) (1,0) (3,1) (4,3) (2,4) 
(0,3) (1,1) (3,0) (4,2) (3,4) 
(1,3) (0,1) (2,0) (1,2) (0,4) 
The 249 methods:
(0,0) (2,1) (4,0) (3,2) (4,4) 
(2,3) (0,2) (1,4) (3,3) (4,1) 
(2,0) (0,1) (1,3) (3,4) (4,2) 
(3,0) (1,1) (0,3) (2,4) (4,3) 
(2,2) (1,0) (3,1) (1,2) (0,4) 
The 250 methods:
(0,0) (2,1) (4,0) (3,2) (4,4) 
(2,3) (0,2) (1,4) (3,3) (4,1) 
(2,0) (0,1) (1,3) (3,4) (4,2) 
(3,0) (1,1) (0,3) (2,2) (1,0) 
(3,1) (4,3) (2,4) (1,2) (0,4) 
The 251 methods:
(0,0) (2,1) (4,0) (3,2) (4,4) 
(2,3) (0,2) (1,0) (2,2) (1,4) 
(3,3) (4,1) (2,0) (0,1) (1,3) 
(3,4) (4,2) (3,0) (1,1) (0,3) 
(2,4) (4,3) (3,1) (1,2) (0,4) 
The 252 methods:
(0,0) (2,1) (4,0) (3,2) (4,4) 
(2,3) (0,2) (1,0) (3,1) (4,3) 
(2,4) (0,3) (1,1) (3,0) (4,2) 
(3,4) (1,3) (0,1) (2,2) (1,4) 
(3,3) (4,1) (2,0) (1,2) (0,4) 
The 253 methods:
(0,0) (2,1) (4,0) (3,2) (4,4) 
(2,3) (0,2) (1,0) (3,1) (4,3) 
(2,4) (0,3) (1,1) (3,0) (4,2) 
(3,4) (1,3) (0,1) (2,0) (4,1) 
(2,2) (1,4) (3,3) (1,2) (0,4) 
The 254 methods:
(0,0) (2,1) (4,0) (3,2) (4,4) 
(2,3) (0,2) (1,0) (3,1) (4,3) 
(2,2) (1,4) (3,3) (4,1) (2,0) 
(0,1) (1,3) (3,4) (4,2) (3,0) 
(1,1) (0,3) (2,4) (1,2) (0,4) 
The 255 methods:
(0,0) (2,1) (4,0) (3,2) (4,4) 
(2,3) (1,1) (0,3) (2,4) (4,3) 
(2,2) (3,0) (4,2) (3,4) (1,3) 
(0,1) (2,0) (4,1) (3,3) (1,4) 
(0,2) (1,0) (3,1) (1,2) (0,4) 
The 256 methods:
(0,0) (2,1) (4,0) (3,2) (4,4) 
(2,3) (1,1) (0,3) (2,4) (4,3) 
(3,1) (1,0) (0,2) (1,4) (2,2) 
(3,0) (4,2) (3,4) (1,3) (0,1) 
(2,0) (4,1) (3,3) (1,2) (0,4) 
The 257 methods:
(0,0) (2,1) (4,0) (3,2) (4,4) 
(2,3) (1,1) (0,3) (2,4) (4,3) 
(3,1) (1,0) (0,2) (1,4) (3,3) 
(4,1) (2,2) (3,0) (4,2) (3,4) 
(1,3) (0,1) (2,0) (1,2) (0,4) 
The 258 methods:
(0,0) (2,1) (4,0) (3,2) (4,4) 
(2,3) (1,1) (0,3) (2,2) (3,0) 
(4,2) (3,4) (1,3) (0,1) (2,0) 
(4,1) (3,3) (1,4) (0,2) (1,0) 
(3,1) (4,3) (2,4) (1,2) (0,4) 
The 259 methods:
(0,0) (2,1) (4,0) (3,2) (4,4) 
(2,3) (1,1) (3,0) (4,2) (3,4) 
(1,3) (0,1) (2,2) (0,3) (2,4) 
(4,3) (3,1) (1,0) (0,2) (1,4) 
(3,3) (4,1) (2,0) (1,2) (0,4) 
The 260 methods:
(0,0) (2,1) (4,0) (3,2) (4,4) 
(2,3) (1,1) (3,0) (4,2) (3,4) 
(1,3) (0,1) (2,0) (4,1) (3,3) 
(1,4) (0,2) (1,0) (2,2) (0,3) 
(2,4) (4,3) (3,1) (1,2) (0,4) 
The 261 methods:
(0,0) (2,1) (4,0) (3,2) (4,4) 
(2,3) (1,1) (3,0) (4,2) (3,4) 
(1,3) (0,1) (2,0) (4,1) (3,3) 
(1,4) (0,2) (1,0) (3,1) (4,3) 
(2,2) (0,3) (2,4) (1,2) (0,4) 
The 262 methods:
(0,0) (2,1) (4,0) (3,2) (4,4) 
(2,3) (1,1) (3,0) (4,2) (3,4) 
(1,3) (0,1) (2,0) (4,1) (2,2) 
(0,3) (2,4) (4,3) (3,1) (1,0) 
(0,2) (1,4) (3,3) (1,2) (0,4) 
The 263 methods:
(0,0) (2,1) (4,0) (3,2) (4,4) 
(2,3) (3,1) (4,3) (2,4) (0,3) 
(1,1) (3,0) (4,2) (3,4) (1,3) 
(0,1) (2,2) (1,0) (0,2) (1,4) 
(3,3) (4,1) (2,0) (1,2) (0,4) 
The 264 methods:
(0,0) (2,1) (4,0) (3,2) (4,4) 
(2,3) (3,1) (4,3) (2,4) (0,3) 
(1,1) (3,0) (4,2) (3,4) (1,3) 
(0,1) (2,0) (4,1) (2,2) (1,0) 
(0,2) (1,4) (3,3) (1,2) (0,4) 
The 265 methods:
(0,0) (2,1) (4,0) (3,2) (4,4) 
(2,3) (3,1) (4,3) (2,2) (1,0) 
(0,2) (1,4) (3,3) (4,1) (2,0) 
(0,1) (1,3) (3,4) (4,2) (3,0) 
(1,1) (0,3) (2,4) (1,2) (0,4) 
The 266 methods:
(0,0) (2,1) (4,0) (3,2) (4,4) 
(2,3) (3,1) (1,0) (0,2) (1,4) 
(2,2) (4,3) (2,4) (0,3) (1,1) 
(3,0) (4,2) (3,4) (1,3) (0,1) 
(2,0) (4,1) (3,3) (1,2) (0,4) 
The 267 methods:
(0,0) (2,1) (4,0) (3,2) (4,4) 
(2,3) (3,1) (1,0) (0,2) (1,4) 
(3,3) (4,1) (2,2) (4,3) (2,4) 
(0,3) (1,1) (3,0) (4,2) (3,4) 
(1,3) (0,1) (2,0) (1,2) (0,4) 
The 268 methods:
(0,0) (2,1) (4,0) (3,2) (4,4) 
(2,3) (3,1) (1,0) (0,2) (1,4) 
(3,3) (4,1) (2,0) (0,1) (1,3) 
(3,4) (4,2) (3,0) (1,1) (0,3) 
(2,2) (4,3) (2,4) (1,2) (0,4) 
The 269 methods:
(0,0) (2,1) (4,0) (3,2) (4,4) 
(2,3) (4,2) (3,4) (1,3) (0,1) 
(2,2) (3,0) (1,1) (0,3) (2,4) 
(4,3) (3,1) (1,0) (0,2) (1,4) 
(3,3) (4,1) (2,0) (1,2) (0,4) 
The 270 methods:
(0,0) (2,1) (4,0) (3,2) (4,4) 
(2,3) (4,2) (3,4) (1,3) (0,1) 
(2,0) (4,1) (3,3) (1,4) (0,2) 
(1,0) (2,2) (3,0) (1,1) (0,3) 
(2,4) (4,3) (3,1) (1,2) (0,4) 
The 271 methods:
(0,0) (2,1) (4,0) (3,2) (4,4) 
(2,3) (4,2) (3,4) (1,3) (0,1) 
(2,0) (4,1) (3,3) (1,4) (0,2) 
(1,0) (3,1) (4,3) (2,2) (3,0) 
(1,1) (0,3) (2,4) (1,2) (0,4) 
The 272 methods:
(0,0) (2,1) (4,0) (3,2) (4,4) 
(2,3) (4,2) (3,4) (1,3) (0,1) 
(2,0) (4,1) (2,2) (3,0) (1,1) 
(0,3) (2,4) (4,3) (3,1) (1,0) 
(0,2) (1,4) (3,3) (1,2) (0,4) 
The 273 methods:
(0,0) (2,1) (4,0) (3,2) (4,4) 
(2,3) (4,2) (3,0) (1,1) (0,3) 
(2,4) (4,3) (2,2) (3,4) (1,3) 
(0,1) (2,0) (4,1) (3,3) (1,4) 
(0,2) (1,0) (3,1) (1,2) (0,4) 
The 274 methods:
(0,0) (2,1) (4,0) (3,2) (4,4) 
(2,3) (4,2) (3,0) (1,1) (0,3) 
(2,4) (4,3) (3,1) (1,0) (0,2) 
(1,4) (2,2) (3,4) (1,3) (0,1) 
(2,0) (4,1) (3,3) (1,2) (0,4) 
The 275 methods:
(0,0) (2,1) (4,0) (3,2) (4,4) 
(2,3) (4,2) (3,0) (1,1) (0,3) 
(2,4) (4,3) (3,1) (1,0) (0,2) 
(1,4) (3,3) (4,1) (2,2) (3,4) 
(1,3) (0,1) (2,0) (1,2) (0,4) 
The 276 methods:
(0,0) (2,1) (4,0) (3,2) (4,4) 
(2,3) (4,2) (3,0) (1,1) (0,3) 
(2,2) (3,4) (1,3) (0,1) (2,0) 
(4,1) (3,3) (1,4) (0,2) (1,0) 
(3,1) (4,3) (2,4) (1,2) (0,4) 
The 277 methods:
(0,0) (2,1) (4,0) (3,2) (2,4) 
(0,3) (1,1) (3,0) (4,2) (3,4) 
(1,3) (0,1) (2,2) (4,3) (3,1) 
(1,0) (0,2) (1,4) (3,3) (4,1) 
(2,0) (1,2) (0,4) (2,3) (4,4) 
The 278 methods:
(0,0) (2,1) (4,0) (3,2) (2,4) 
(0,3) (1,1) (3,0) (4,2) (3,4) 
(1,3) (0,1) (2,0) (4,1) (3,3) 
(1,4) (0,2) (1,0) (2,2) (4,3) 
(3,1) (1,2) (0,4) (2,3) (4,4) 
The 279 methods:
(0,0) (2,1) (4,0) (3,2) (2,4) 
(0,3) (1,1) (3,0) (4,2) (3,4) 
(1,3) (0,1) (2,0) (4,1) (2,2) 
(4,3) (3,1) (1,0) (0,2) (1,4) 
(3,3) (1,2) (0,4) (2,3) (4,4) 
The 280 methods:
(0,0) (2,1) (4,0) (3,2) (2,4) 
(4,3) (2,2) (0,3) (1,1) (3,0) 
(4,2) (3,4) (1,3) (0,1) (2,0) 
(4,1) (3,3) (1,4) (0,2) (1,0) 
(3,1) (1,2) (0,4) (2,3) (4,4) 
The 281 methods:
(0,0) (2,1) (4,0) (3,2) (2,4) 
(4,3) (3,1) (1,0) (0,2) (1,4) 
(2,2) (0,3) (1,1) (3,0) (4,2) 
(3,4) (1,3) (0,1) (2,0) (4,1) 
(3,3) (1,2) (0,4) (2,3) (4,4) 
The 282 methods:
(0,0) (2,1) (4,0) (3,2) (2,4) 
(4,3) (3,1) (1,0) (0,2) (1,4) 
(3,3) (4,1) (2,2) (0,3) (1,1) 
(3,0) (4,2) (3,4) (1,3) (0,1) 
(2,0) (1,2) (0,4) (2,3) (4,4) 
The 283 methods:
(0,0) (2,1) (4,0) (3,2) (1,3) 
(3,4) (4,2) (3,0) (1,1) (0,3) 
(2,4) (4,3) (2,2) (0,1) (2,0) 
(4,1) (3,3) (1,4) (0,2) (1,0) 
(3,1) (1,2) (0,4) (2,3) (4,4) 
The 284 methods:
(0,0) (2,1) (4,0) (3,2) (1,3) 
(3,4) (4,2) (3,0) (1,1) (0,3) 
(2,4) (4,3) (3,1) (1,0) (0,2) 
(1,4) (2,2) (0,1) (2,0) (4,1) 
(3,3) (1,2) (0,4) (2,3) (4,4) 
The 285 methods:
(0,0) (2,1) (4,0) (3,2) (1,3) 
(3,4) (4,2) (3,0) (1,1) (0,3) 
(2,4) (4,3) (3,1) (1,0) (0,2) 
(1,4) (3,3) (4,1) (2,2) (0,1) 
(2,0) (1,2) (0,4) (2,3) (4,4) 
The 286 methods:
(0,0) (2,1) (4,0) (3,2) (1,3) 
(3,4) (4,2) (3,0) (1,1) (0,3) 
(2,2) (0,1) (2,0) (4,1) (3,3) 
(1,4) (0,2) (1,0) (3,1) (4,3) 
(2,4) (1,2) (0,4) (2,3) (4,4) 
The 287 methods:
(0,0) (2,1) (4,0) (3,2) (1,3) 
(0,1) (2,2) (3,4) (4,2) (3,0) 
(1,1) (0,3) (2,4) (4,3) (3,1) 
(1,0) (0,2) (1,4) (3,3) (4,1) 
(2,0) (1,2) (0,4) (2,3) (4,4) 
The 288 methods:
(0,0) (2,1) (4,0) (3,2) (1,3) 
(0,1) (2,0) (4,1) (3,3) (1,4) 
(0,2) (1,0) (2,2) (3,4) (4,2) 
(3,0) (1,1) (0,3) (2,4) (4,3) 
(3,1) (1,2) (0,4) (2,3) (4,4) 
The 289 methods:
(0,0) (2,1) (4,0) (3,2) (1,3) 
(0,1) (2,0) (4,1) (3,3) (1,4) 
(0,2) (1,0) (3,1) (4,3) (2,2) 
(3,4) (4,2) (3,0) (1,1) (0,3) 
(2,4) (1,2) (0,4) (2,3) (4,4) 
The 290 methods:
(0,0) (2,1) (4,0) (3,2) (1,3) 
(0,1) (2,0) (4,1) (2,2) (3,4) 
(4,2) (3,0) (1,1) (0,3) (2,4) 
(4,3) (3,1) (1,0) (0,2) (1,4) 
(3,3) (1,2) (0,4) (2,3) (4,4) 
The 291 methods:
(0,0) (2,1) (4,0) (3,2) (1,1) 
(0,3) (2,4) (4,3) (2,2) (3,0) 
(4,2) (3,4) (1,3) (0,1) (2,0) 
(4,1) (3,3) (1,4) (0,2) (1,0) 
(3,1) (1,2) (0,4) (2,3) (4,4) 
The 292 methods:
(0,0) (2,1) (4,0) (3,2) (1,1) 
(0,3) (2,4) (4,3) (3,1) (1,0) 
(0,2) (1,4) (2,2) (3,0) (4,2) 
(3,4) (1,3) (0,1) (2,0) (4,1) 
(3,3) (1,2) (0,4) (2,3) (4,4) 
The 293 methods:
(0,0) (2,1) (4,0) (3,2) (1,1) 
(0,3) (2,4) (4,3) (3,1) (1,0) 
(0,2) (1,4) (3,3) (4,1) (2,2) 
(3,0) (4,2) (3,4) (1,3) (0,1) 
(2,0) (1,2) (0,4) (2,3) (4,4) 
The 294 methods:
(0,0) (2,1) (4,0) (3,2) (1,1) 
(0,3) (2,2) (3,0) (4,2) (3,4) 
(1,3) (0,1) (2,0) (4,1) (3,3) 
(1,4) (0,2) (1,0) (3,1) (4,3) 
(2,4) (1,2) (0,4) (2,3) (4,4) 
The 295 methods:
(0,0) (2,1) (4,0) (3,2) (1,1) 
(3,0) (4,2) (3,4) (1,3) (0,1) 
(2,2) (0,3) (2,4) (4,3) (3,1) 
(1,0) (0,2) (1,4) (3,3) (4,1) 
(2,0) (1,2) (0,4) (2,3) (4,4) 
The 296 methods:
(0,0) (2,1) (4,0) (3,2) (1,1) 
(3,0) (4,2) (3,4) (1,3) (0,1) 
(2,0) (4,1) (3,3) (1,4) (0,2) 
(1,0) (2,2) (0,3) (2,4) (4,3) 
(3,1) (1,2) (0,4) (2,3) (4,4) 
The 297 methods:
(0,0) (2,1) (4,0) (3,2) (1,1) 
(3,0) (4,2) (3,4) (1,3) (0,1) 
(2,0) (4,1) (3,3) (1,4) (0,2) 
(1,0) (3,1) (4,3) (2,2) (0,3) 
(2,4) (1,2) (0,4) (2,3) (4,4) 
The 298 methods:
(0,0) (2,1) (4,0) (3,2) (1,1) 
(3,0) (4,2) (3,4) (1,3) (0,1) 
(2,0) (4,1) (2,2) (0,3) (2,4) 
(4,3) (3,1) (1,0) (0,2) (1,4) 
(3,3) (1,2) (0,4) (2,3) (4,4) 
The 299 methods:
(0,0) (2,1) (4,0) (3,2) (2,0) 
(4,1) (3,3) (1,4) (0,2) (1,0) 
(2,2) (0,1) (1,3) (3,4) (4,2) 
(3,0) (1,1) (0,3) (2,4) (4,3) 
(3,1) (1,2) (0,4) (2,3) (4,4) 
The 300 methods:
(0,0) (2,1) (4,0) (3,2) (2,0) 
(4,1) (3,3) (1,4) (0,2) (1,0) 
(3,1) (4,3) (2,2) (0,1) (1,3) 
(3,4) (4,2) (3,0) (1,1) (0,3) 
(2,4) (1,2) (0,4) (2,3) (4,4) 
The 301 methods:
(0,0) (2,1) (4,0) (3,2) (2,0) 
(4,1) (2,2) (0,1) (1,3) (3,4) 
(4,2) (3,0) (1,1) (0,3) (2,4) 
(4,3) (3,1) (1,0) (0,2) (1,4) 
(3,3) (1,2) (0,4) (2,3) (4,4) 
The 302 methods:
(0,0) (2,1) (4,0) (3,2) (2,0) 
(0,1) (1,3) (3,4) (4,2) (3,0) 
(1,1) (0,3) (2,4) (4,3) (2,2) 
(4,1) (3,3) (1,4) (0,2) (1,0) 
(3,1) (1,2) (0,4) (2,3) (4,4) 
The 303 methods:
(0,0) (2,1) (4,0) (3,2) (2,0) 
(0,1) (1,3) (3,4) (4,2) (3,0) 
(1,1) (0,3) (2,4) (4,3) (3,1) 
(1,0) (0,2) (1,4) (2,2) (4,1) 
(3,3) (1,2) (0,4) (2,3) (4,4) 
The 304 methods:
(0,0) (2,1) (4,0) (3,2) (2,0) 
(0,1) (1,3) (3,4) (4,2) (3,0) 
(1,1) (0,3) (2,2) (4,1) (3,3) 
(1,4) (0,2) (1,0) (3,1) (4,3) 
(2,4) (1,2) (0,4) (2,3) (4,4) 
